1.507427523937059197e-04
2.249172996993184916e-04
3.124261476213558743e-04
3.856267947989654361e-04
4.508593608700837757e-04
5.091292258300610151e-04
5.562736002468808777e-04
5.958052654401365918e-04
6.281667456183268354e-04
6.520962052325721603e-04
6.729927875461114107e-04
6.912321376740020390e-04
7.104588090858574142e-04
7.305192310623478610e-04
7.519457004852878957e-04
7.737102858247724233e-04
7.967001439580926377e-04
8.220635521368554891e-04
8.489313210538391476e-04
8.775106441667900785e-04
9.091638906673756232e-04
9.413400312145712209e-04
9.757587691725167671e-04
1.010899900601566412e-03
1.047905162416495851e-03
1.086797167415943111e-03
1.126993986738060363e-03
1.169585035055809496e-03
1.213972178789224756e-03
1.260313795255632498e-03
1.307934195892093959e-03
1.357467315564367177e-03
1.407821731805766882e-03
1.459214847940138587e-03
1.512508325266790797e-03
1.566963235471838418e-03
1.622402876691121827e-03
1.679096422429738255e-03
1.737041189669421160e-03
1.795979750971070116e-03
1.856010475873817950e-03
1.917830628698675511e-03
1.980990427816903179e-03
2.044774496181681750e-03
2.110122044799437463e-03
2.177180295864529404e-03
2.244883537309268727e-03
2.313127964167873037e-03
2.382854901883944051e-03
2.453403120703671284e-03
2.525127171013077237e-03
2.598112336491648425e-03
2.672740112613970504e-03
2.747760266350791816e-03
2.824508834993609725e-03
2.902342788600462305e-03
2.981830822441944827e-03
3.062561911080716182e-03
3.144475921553675259e-03
3.227107960779164886e-03
3.311505474631780670e-03
3.397144792182569921e-03
3.483245073821218066e-03
3.570521988604608444e-03
3.658861528945075037e-03
3.748364345647148613e-03
3.838386840552784549e-03
3.929145722012027629e-03
4.021423936726311633e-03
4.114980250873889224e-03
4.209790651046993806e-03
4.306667389689957520e-03
4.404849857489935572e-03
4.504345887154582312e-03
4.606090749602672653e-03
4.709905379640032426e-03
4.814766179184823067e-03
4.921506098212812853e-03
5.030262726755226933e-03
5.141260458785785331e-03
5.253383344564485809e-03
5.367951026426787987e-03
5.483862520739630174e-03
5.601797638109758982e-03
5.720878045408391011e-03
5.841298267312093444e-03
5.962862621996604592e-03
6.085856548178528343e-03
6.210501549931695883e-03
6.336704911209400763e-03
6.465158345457496306e-03
6.596201959511930300e-03
6.729798379937921779e-03
6.867534445094847922e-03
7.007866441178560446e-03
7.152134137684067368e-03
7.300235246616513206e-03
7.451985209182963865e-03
7.608050360374603305e-03
7.767162631467811398e-03
