1.479083656705033629e-03
1.715145378650116421e-03
1.999299922925485123e-03
2.236314858866003154e-03
2.485206617796556754e-03
2.726855553529805576e-03
2.992583731362618085e-03
3.243925661171206693e-03
3.528441249675561692e-03
3.865790893319012104e-03
4.199217846306426728e-03
4.579032819585611425e-03
4.992418831161605022e-03
5.449436654496029632e-03
5.934446751830426380e-03
6.482918261121056909e-03
7.053142931582935017e-03
7.672044030800552472e-03
8.381196473246454656e-03
9.167945360698145224e-03
1.006366212854708023e-02
1.105529420620356487e-02
1.211551534621548021e-02
1.320342543254681561e-02
1.425507778656483378e-02
1.509504032289375915e-02
1.604400493056454963e-02
1.721983637208929913e-02
1.864221935664193974e-02
2.032579200241611470e-02
2.229293455564013843e-02
2.453397178128839673e-02
2.710591478630540105e-02
3.003656243167072970e-02
3.337759480699118569e-02
3.715495138694533545e-02
4.141748241453586943e-02
4.612978376155393856e-02
5.123704806836616721e-02
5.660497160574092662e-02
6.213662432423937287e-02
6.776970512438776351e-02
7.347802805846344321e-02
7.922105317430475080e-02
8.502162155388637288e-02
9.086752861849979601e-02
9.677328258330752941e-02
1.026991538547849803e-01
1.086501764480391208e-01
