3.197504426039480055e-04
3.879175530931955307e-04
4.573461396364465791e-04
5.246742668358037086e-04
5.897661546145853808e-04
6.430586497508877048e-04
6.920887370909598740e-04
7.376356757518133869e-04
7.799615302421935995e-04
8.168956629422633592e-04
8.448827077113803090e-04
8.740190051714254301e-04
8.973070030186248124e-04
9.180810960717098942e-04
9.414269478108087692e-04
9.629473587137144614e-04
9.837635395953988737e-04
1.005151367302085800e-03
1.031095816801927629e-03
1.057560451937122198e-03
1.080022296611700622e-03
1.108249515966824774e-03
1.138990476316499361e-03
1.170300999735480151e-03
1.201077739673055275e-03
1.234180256000258187e-03
1.269085091469536897e-03
1.306066842047740604e-03
1.343416793850785509e-03
1.383096019341380385e-03
1.422978310130638925e-03
1.467486700154324759e-03
1.510586679688205201e-03
1.556526417042487049e-03
1.601973575987029799e-03
1.649011963210252150e-03
1.697894428593362112e-03
1.748256391515887534e-03
1.800906336020641554e-03
1.852316420196700904e-03
1.905759059304801229e-03
1.960216189815994388e-03
2.015879104372619857e-03
2.072455768517812279e-03
2.129565585315751092e-03
2.188484590644003847e-03
2.248130640303380289e-03
2.308810743673275420e-03
2.371173230345736700e-03
