1.687279683005521319e-05
2.397632750697174662e-05
3.181024540409904856e-05
4.035780528835356489e-05
4.865138382292288617e-05
5.782583061356910486e-05
6.633184464042797871e-05
7.480884996751781572e-05
8.312706723675719665e-05
9.157481945503925347e-05
1.003317129298614258e-04
1.090013563421977016e-04
1.173886507515566399e-04
1.258217648078630100e-04
1.341400088418913167e-04
1.421927695625576369e-04
1.502147798221852828e-04
1.581415575639393163e-04
1.659494248755009991e-04
1.737112982867350516e-04
1.814662824586252558e-04
1.892077286985881983e-04
1.969547919985699695e-04
2.044974372841869325e-04
2.120994131308018835e-04
2.197038379268584265e-04
2.272966098190507933e-04
2.347815354965960275e-04
2.421488941851389104e-04
2.495560006657474125e-04
2.569224486548064260e-04
2.641813188838396868e-04
2.713829285505027890e-04
2.784625732801680655e-04
2.855045245893939065e-04
2.924177540764447353e-04
2.990836030489678679e-04
3.058843077818323834e-04
3.125318468423759610e-04
3.189628430369404410e-04
3.253638066683919232e-04
3.316353691379972878e-04
3.378045990721140527e-04
3.438413784776213171e-04
3.497598868977213845e-04
3.555357158280723039e-04
3.611823469569403768e-04
3.666390960309993258e-04
3.718988679817585258e-04
3.770378727535571837e-04
3.821338399507158553e-04
3.870617470527655275e-04
3.917646039680558099e-04
3.963684349093333430e-04
4.008260284634287312e-04
4.051559375553839479e-04
4.093886279446054977e-04
4.135636606078518795e-04
4.174604266957427897e-04
4.213354069938526317e-04
4.250633451557432260e-04
4.286962253602910871e-04
4.321086372680901354e-04
4.353975092596201702e-04
4.385425765506789880e-04
4.416701824873014927e-04
4.447453854132246893e-04
4.477769858506405330e-04
4.507185604715909216e-04
4.535544068113262720e-04
4.562905164740144182e-04
4.589213770829010837e-04
4.614824707511170536e-04
4.640315082719641791e-04
4.665477210783250785e-04
4.689843428115873661e-04
4.714324407392152879e-04
4.737730276253092451e-04
4.760834837863206037e-04
4.783489595929265171e-04
4.805755107923840967e-04
4.827728018010727664e-04
4.849427114924348262e-04
4.870737330018321139e-04
4.891999437739260378e-04
4.912420771477754968e-04
4.932652968616813970e-04
4.953264367369735518e-04
4.972958691673017451e-04
4.992418300392229957e-04
5.011903667835370182e-04
5.031331374164814147e-04
5.051037847359478999e-04
5.069949495699947696e-04
5.088906348635755710e-04
5.108024089980695492e-04
5.126841490201512665e-04
5.146033981038900017e-04
5.164419508242558887e-04
5.183363367127029591e-04
