6.220453054477829231e-05
9.852365552704363586e-05
1.392461625636029206e-04
1.761909224657453156e-04
2.126607983216489267e-04
2.471140414563675739e-04
2.788856928799986938e-04
3.098614991094331790e-04
3.396304586429014344e-04
3.676297586065509085e-04
3.940851415385999241e-04
4.181620684679030310e-04
4.399836410546850490e-04
4.600655662910653173e-04
4.791974958175815444e-04
4.959979178949000360e-04
5.117287413702644719e-04
5.263785163891002974e-04
5.392341813947532569e-04
5.517044440090605045e-04
5.625673995657194150e-04
5.726072513379665404e-04
5.821345896569267951e-04
5.910912004805750353e-04
5.994355048806868959e-04
6.078822857881566134e-04
6.158583133488147211e-04
6.229715444320192653e-04
6.303812343644386168e-04
6.376952233290291783e-04
6.448698688162636788e-04
6.525048082754139785e-04
6.602800371282259093e-04
6.682870957517282086e-04
6.768279797175882689e-04
6.852786188405606037e-04
6.941002843353228768e-04
7.034366438648904322e-04
7.134137221027545255e-04
7.236519411214887513e-04
7.342802941462038373e-04
7.451827941175588697e-04
7.563799085959378027e-04
7.678019271393963195e-04
7.796195863359482768e-04
7.919818259872539413e-04
8.047737969617972838e-04
8.182285123858510333e-04
8.318314966510798525e-04
8.459466603727321728e-04
8.601366987003949104e-04
8.748939108511463118e-04
8.898709037432619377e-04
9.051479098034811684e-04
9.208116582661402764e-04
9.366177173032186071e-04
9.527254495045893359e-04
9.695700952159697680e-04
9.866622291869061277e-04
1.004147183118788735e-03
1.022046897363870690e-03
1.040518233485982543e-03
1.059214461173445298e-03
1.078109376899592320e-03
1.097188419201175968e-03
1.116430067753294147e-03
1.135881583452060797e-03
1.155886770962946545e-03
1.176318041082661126e-03
1.197035115812741714e-03
1.218213695518438090e-03
1.239396488012271249e-03
1.260990527273338083e-03
1.282730985893275159e-03
1.304856346877160747e-03
1.327348493278321948e-03
1.349929884121505320e-03
1.372776560071582459e-03
1.395832361902784495e-03
1.419128305723907964e-03
1.442745201653306084e-03
1.466602570388091803e-03
1.490571609707032905e-03
1.514786652415734021e-03
1.539214512866622555e-03
1.563877999687776762e-03
1.588634137043267152e-03
1.613793887004140578e-03
1.639136725430433627e-03
1.664828744739927204e-03
1.690646961734699550e-03
1.716641030169079344e-03
1.742974295088767439e-03
1.769313316162547970e-03
1.796074004168104381e-03
1.823015996795511679e-03
1.850149167835531648e-03
1.877459852450961324e-03
1.904963678447009912e-03
1.932679343968157423e-03
