1.096291154202865792e-05
1.581059491401999660e-05
2.025571344660372078e-05
2.445240167190855941e-05
2.910793508471538223e-05
3.317260244325568230e-05
3.733804217015808608e-05
4.170868127220632026e-05
4.614837455097211893e-05
5.090908200026960138e-05
5.580179451228120513e-05
6.068990895957807096e-05
6.581980095527084531e-05
7.096364358550042220e-05
7.614130325157395949e-05
8.115105315572165520e-05
8.625428946659838714e-05
9.138351261548698025e-05
9.646801355672709642e-05
1.016955861854812259e-04
1.069583888087261155e-04
1.121203292900723456e-04
1.173758368774097176e-04
1.225681599719518461e-04
1.276325519460912627e-04
1.328558331306845051e-04
1.379094774719776700e-04
1.429917645400443651e-04
1.480456284722306065e-04
1.530718403823548904e-04
1.580970577431695676e-04
1.630744800152725976e-04
1.680107245762002132e-04
1.730070310673356671e-04
1.779623795882929690e-04
1.828541056224483228e-04
1.877072694964159708e-04
1.924007137271666838e-04
1.972190763950005653e-04
2.019683499343187874e-04
2.066954398154866143e-04
2.114450210712510189e-04
2.161051625430709543e-04
2.207181976217987369e-04
2.252454317021613259e-04
2.298069809407972202e-04
2.342653673038068841e-04
2.386412311514806816e-04
2.430213834190232322e-04
2.473270652372821414e-04
2.516096764212080771e-04
2.557824485286449689e-04
2.599174463165217978e-04
2.639462797700152432e-04
2.679471527800703209e-04
2.718761926822256406e-04
2.757308308673400623e-04
2.795569559620047920e-04
2.832493274963122530e-04
2.868940565272348731e-04
2.904777393062164836e-04
2.940350761295755706e-04
2.975235335885937239e-04
3.009263346101949377e-04
3.042461995319027061e-04
3.075509566801879445e-04
3.107650227627177736e-04
3.138790527188995935e-04
3.170081779298895429e-04
3.200590178396677107e-04
3.230319000004232993e-04
3.260007679724441108e-04
3.288459513325663530e-04
3.316501622178965160e-04
3.343772722349935139e-04
3.371221074113900330e-04
3.397386850323465138e-04
3.423626497705534156e-04
3.448913012746595728e-04
3.474505744235218936e-04
3.498830660299269120e-04
3.522838705770659504e-04
3.546799781232338263e-04
3.570085759358324669e-04
3.593577691181898534e-04
3.615956000728166690e-04
3.637845167751524271e-04
3.659670215124602986e-04
3.681148879270804467e-04
3.702072745670041709e-04
3.722701547375637031e-04
3.743106611851378758e-04
3.763182524459508598e-04
3.783042613248253742e-04
3.802700368196599407e-04
3.822058895671450883e-04
3.841120069170087794e-04
3.859866349825300446e-04
3.878400444179775698e-04
3.896699550243703895e-04
