1.301589461298323239e-03
1.442161918492811720e-03
1.649581967771151202e-03
1.881698347924442086e-03
2.119206813588906529e-03
2.349708876492483025e-03
2.569996919451150372e-03
2.789235434086004273e-03
3.028967323918679237e-03
3.303985154038026860e-03
3.590291602004436113e-03
3.896486821469652504e-03
4.248365184293483726e-03
4.606198369423612944e-03
4.969169366586468489e-03
5.357196429282577201e-03
5.783278523190187558e-03
6.265542615798333145e-03
6.790144594858988150e-03
7.343271218840661044e-03
7.927371260925332452e-03
8.582724646929622628e-03
9.308910623156464031e-03
1.010115419649910973e-02
1.095359817439877856e-02
1.186278290076989671e-02
1.280877435661010449e-02
1.374489900855658218e-02
1.453858549664459321e-02
1.527275095038146784e-02
1.612640060479651749e-02
1.717329837306159207e-02
1.843015400681959765e-02
1.986090487440591093e-02
2.150098734659207020e-02
2.335568163404997191e-02
2.545283156183347426e-02
2.778890140248780824e-02
3.038942792594276354e-02
3.331418225635762731e-02
3.661639223787815228e-02
4.029305183803229273e-02
4.434937898596930800e-02
4.871780054120049275e-02
5.331763551938301787e-02
5.808114892821367864e-02
6.295597031877053773e-02
6.790690310646987915e-02
7.290305311747533046e-02
