1.436937625646394394e-05
2.081586286493706324e-05
2.834013971474884044e-05
3.527206723417009878e-05
4.251837065408809211e-05
4.951717379331452463e-05
5.678713486459399022e-05
6.399611759483689192e-05
7.157073627983410622e-05
7.868612694623469130e-05
8.588194618912011000e-05
9.282368968236864480e-05
9.989555856648191787e-05
1.068117646981960050e-04
1.135812691488324622e-04
1.204000207129466430e-04
1.271616381743472814e-04
1.341276567934059831e-04
1.411272795141376715e-04
1.480840984112265018e-04
1.550631427930364715e-04
1.620981687905032542e-04
1.690480480106262753e-04
1.761510304744882092e-04
1.831281931969644340e-04
1.900168614408133676e-04
1.969320919332857769e-04
2.037176923696562515e-04
2.104116596389226691e-04
2.171499607588698178e-04
2.238110954134102479e-04
2.303945429172128451e-04
2.368150205812389448e-04
2.432752247531282087e-04
2.496531810152165590e-04
2.557852430510941890e-04
2.620458781656952478e-04
2.680701347872538136e-04
2.740533996278552353e-04
2.799738660104159234e-04
2.858912113671794870e-04
2.915814370237075452e-04
2.972056870575877818e-04
3.025867263806183397e-04
3.078374639292393586e-04
3.129973616656224434e-04
3.181303480243808713e-04
3.232103980574241439e-04
3.279574140776148929e-04
3.327351241651186893e-04
3.374557991616230677e-04
3.420622336635834558e-04
3.465253379133811213e-04
3.509368672864336854e-04
3.552835388854780362e-04
3.595525187364276352e-04
3.636069685416257950e-04
3.676382957989655551e-04
3.716549316375882721e-04
3.755273041629027752e-04
3.792616864013383690e-04
3.829978514776929250e-04
3.865818230281191717e-04
3.901356564821549912e-04
3.936183268903937528e-04
3.969697166936503362e-04
4.002486670047984197e-04
4.034125777512133186e-04
4.064738287780759215e-04
4.094481385901403139e-04
4.123464110695743883e-04
4.151775500618084657e-04
4.179779128347435439e-04
4.206938772266066544e-04
4.233628054069000167e-04
4.258748912025925944e-04
4.283536769305382858e-04
4.307689259695902224e-04
4.331707848167717120e-04
4.354827479612076750e-04
4.377904607530054321e-04
4.400306296613846102e-04
4.422674778463157245e-04
4.444455222589340339e-04
4.466196517943239589e-04
4.487262925491342634e-04
4.507941273062483550e-04
4.528587638063646123e-04
4.548369036214831070e-04
4.568476632710173992e-04
4.588905926586745159e-04
4.607724266069626183e-04
4.626440682549751962e-04
4.645249343423399476e-04
4.663382394937696032e-04
4.681669261467038732e-04
4.700152989584340771e-04
4.718028941140759705e-04
4.736277165668483489e-04
4.753965228158615669e-04
