4.928968972148440919e-05
7.496098056700042749e-05
1.027648502121886507e-04
1.314571117876242134e-04
1.571829415815614861e-04
1.837412209280674135e-04
2.091153129560207507e-04
2.336261029827671866e-04
2.575899036274722901e-04
2.808811155382348189e-04
3.033717817374148519e-04
3.259154017887660212e-04
3.475418448379396087e-04
3.689636290550064738e-04
3.890277434607765177e-04
4.075976267478297358e-04
4.249202634067596922e-04
4.415644283857510016e-04
4.572923022124299793e-04
4.718927935543159691e-04
4.854783044803573930e-04
4.978517171989500778e-04
5.089541485660017787e-04
5.195980437553282668e-04
5.293698244572115057e-04
5.386818762651457860e-04
5.473452238235557979e-04
5.556009035789947819e-04
5.635998879247282323e-04
5.703314698021137545e-04
5.768710095216490535e-04
5.833162184932713917e-04
5.896876448940648876e-04
5.954968785808229404e-04
6.013149008511188900e-04
6.067750462479209019e-04
6.120570911075136214e-04
6.172663334728698643e-04
6.226564818409641242e-04
6.283926687313394792e-04
6.340194024390344513e-04
6.398318059881807039e-04
6.458702173859385632e-04
6.520113866460640990e-04
6.580173797285777905e-04
6.642739281662918185e-04
6.706753045762776358e-04
6.771983005463460062e-04
6.841787656800554047e-04
6.912734966228487000e-04
6.985262273549615580e-04
7.062288862751448957e-04
7.139778964446878750e-04
7.219225219817365386e-04
7.301698627981047934e-04
7.385524909548870547e-04
7.470397789990815100e-04
7.557598698286988135e-04
7.646515472409649806e-04
7.739027840182377332e-04
7.834252116899645228e-04
7.931985317206562787e-04
8.030968173400708380e-04
8.131844839349457177e-04
8.234477988991397053e-04
8.338710577198937780e-04
8.446973415685472570e-04
8.556701145886784965e-04
8.669286068988214453e-04
8.785081370054104470e-04
8.901711629953506545e-04
9.020984828916796001e-04
9.141805486699063890e-04
9.264626299452285432e-04
9.391361325196594459e-04
9.518914893756480347e-04
9.647570972599472808e-04
9.778227752724208497e-04
9.913341861609774406e-04
1.005030811445183038e-03
1.018825749114814130e-03
1.032827362798525214e-03
1.047068381313815549e-03
1.061514031343563976e-03
1.076178416082950980e-03
1.090796538932035063e-03
1.105566360284553377e-03
1.120541803747523903e-03
1.135743932489357037e-03
1.151123155228869896e-03
1.166522372720359049e-03
1.182089104621633939e-03
1.197830624099571490e-03
1.213853160900086421e-03
1.230086204069583090e-03
1.246287862818246757e-03
1.262762160340176205e-03
1.279410275787632237e-03
1.296129486137419197e-03
1.312956339326336232e-03
