2.136914788371388962e-04
2.424183531131812687e-04
2.999913290191129475e-04
3.519740592687932304e-04
4.042000539754099292e-04
4.514958190388905284e-04
4.895448683387683625e-04
5.301235660134231628e-04
5.658778722990762903e-04
5.939570085023490988e-04
6.178222932517083658e-04
6.407712494132264489e-04
6.604522915031233550e-04
6.799246067996153739e-04
6.980627934122460038e-04
7.146708609413501530e-04
7.280606099758203881e-04
7.434003869008905209e-04
7.581342086032992825e-04
7.703899846672802344e-04
7.836120165999130045e-04
7.978814640483220802e-04
8.120136628383103818e-04
8.274781632569524255e-04
8.429651948081385779e-04
8.597912668993050065e-04
8.745869641871693466e-04
8.924308048339151629e-04
9.100008049068234860e-04
9.276262830675940756e-04
9.455315161051396338e-04
9.633303073342747635e-04
9.813687423607555908e-04
1.000437585856686152e-03
1.020938401311073879e-03
1.041340191405186379e-03
1.061972817601496925e-03
1.084392176185085830e-03
1.107546673798912333e-03
1.131070213298031009e-03
1.154045869493226795e-03
1.178526267265204812e-03
1.203498552735658136e-03
1.228154620422014292e-03
1.255104492748635022e-03
1.281946077248774388e-03
1.309412420580963535e-03
1.337488228636525035e-03
1.366871689348420765e-03
