5.229847707142065043e-06
8.446056444565288069e-06
1.062235141681935115e-05
1.276929033481594658e-05
1.513781574792287266e-05
1.677485190500199182e-05
1.789799148187857763e-05
1.883932161754912145e-05
1.961591303673569211e-05
2.024209975499401294e-05
2.098692777231302115e-05
2.156117058701488708e-05
2.210276136410478770e-05
2.275090195565056592e-05
2.337816836483815611e-05
2.390675238637219669e-05
2.454077701234098305e-05
2.510397116161576628e-05
2.562410924981827534e-05
2.619588139053995537e-05
2.671591717940720182e-05
2.720220539313379030e-05
2.766524803902725851e-05
2.812580150047148741e-05
2.854448214634616656e-05
2.901282505527190119e-05
2.938551054781622673e-05
2.974377328097730258e-05
3.009216774327657070e-05
3.044232184112904868e-05
3.078479955558437457e-05
3.112988910700798781e-05
3.152049914509298450e-05
3.186062238744501114e-05
3.222763443571582422e-05
3.261923932833882473e-05
3.298941125558494433e-05
3.342590282182868238e-05
3.385534721936098380e-05
3.426845111560969560e-05
3.469279177438538064e-05
3.512603818127539747e-05
3.557117595216950320e-05
3.602760100932061825e-05
3.649713374522485575e-05
3.697924175620703963e-05
3.745926633147128295e-05
3.793768383214642570e-05
3.844831549775972141e-05
3.896854651001893801e-05
3.949399477187585808e-05
4.000674356330801497e-05
4.052666570509144554e-05
4.105191433173126253e-05
4.161115216055330724e-05
4.218568266899330559e-05
4.273736215429615646e-05
4.331414867889352301e-05
4.390006512664331215e-05
4.449096097126800349e-05
4.507807559518934670e-05
4.568030801522887879e-05
4.627549958232732291e-05
4.689487818891097017e-05
4.751862017995210635e-05
4.813904249163889778e-05
4.878633076234183575e-05
4.943570716816507378e-05
5.008541869102791234e-05
5.072794677929280709e-05
5.141180222801650579e-05
5.208332152120618002e-05
5.276790214533042217e-05
5.346891608284406696e-05
5.417534699786454667e-05
5.489103056206078967e-05
5.560579374007817456e-05
5.633865696754143882e-05
5.707237866184329382e-05
5.781818255583337979e-05
5.856555069225177453e-05
5.931558343800741019e-05
6.007105189608277616e-05
6.082638499479160445e-05
6.158677444665477117e-05
6.236894770796765433e-05
6.316261016256903256e-05
6.394255062994122507e-05
6.474396044098267185e-05
6.553716277787188988e-05
6.634094212619599167e-05
6.714752327716602275e-05
6.796834127805206655e-05
6.878615466335439102e-05
6.962257007386925994e-05
7.045968269158074085e-05
7.129706801223433172e-05
7.211392692134808622e-05
7.294933618213263757e-05
7.379625213319660067e-05
