1.077858592932675079e-04
1.802830763685339688e-04
2.444127483802150075e-04
3.030771472679582570e-04
3.601642597719929817e-04
4.128349884533669524e-04
4.562003458026151425e-04
4.949017560026378352e-04
5.313320280520230808e-04
5.622056499198851368e-04
5.859101576389365513e-04
6.083356702469104853e-04
6.278944483636971245e-04
6.470013396463929548e-04
6.632660272300940768e-04
6.779393563095897045e-04
6.914842381966334467e-04
7.050827341319937987e-04
7.187277409554643616e-04
7.335470391973446724e-04
7.484446214507409299e-04
7.642152357975396434e-04
7.815381132735554903e-04
7.997461961035905566e-04
8.194504650228971385e-04
8.399630572842222819e-04
8.612065236039723485e-04
8.839872844050253873e-04
9.078533532297587260e-04
9.325152718701535315e-04
9.591439849419798385e-04
9.869110650504184321e-04
1.015360000312399286e-03
1.044780803567007784e-03
1.075270645392987232e-03
1.106869289353034497e-03
1.138915355476375875e-03
1.172123779092304084e-03
1.206556132981486621e-03
1.241283930145945002e-03
1.277317891260423355e-03
1.313779049557193363e-03
1.350953535722151109e-03
1.388918915116967067e-03
1.428174115108352257e-03
1.468540643932808283e-03
1.509358688898511294e-03
1.551213501856602136e-03
1.594159625285167118e-03
1.637561628996885444e-03
1.681910091152835065e-03
1.726946569327792412e-03
1.772531635932318456e-03
1.818751392864529932e-03
1.865639307068594393e-03
1.912754201787181382e-03
1.960518658933368876e-03
2.008857599788608714e-03
2.058217346934687782e-03
2.108255836834886394e-03
2.159164277808372535e-03
2.210434714340576978e-03
2.262327209296197301e-03
2.315089569471925988e-03
2.368478511769256129e-03
2.422616157142951695e-03
2.477257396651916677e-03
2.532724251091778532e-03
2.588551490199734670e-03
2.645227744156192825e-03
2.702562516266349916e-03
2.760575099547463076e-03
2.819145967925016077e-03
2.878595607438892007e-03
2.938276807715608455e-03
2.998803363481885188e-03
3.059686959260718431e-03
3.121741668465355043e-03
3.184816750357894778e-03
3.247834139326097325e-03
3.311977495876467729e-03
3.376803733698084762e-03
3.442252195022457630e-03
3.508561167345128958e-03
3.575342530712358625e-03
3.642491285307731738e-03
3.709887316400527126e-03
3.777706157061517904e-03
3.846106785576172866e-03
3.914794764527496952e-03
3.984468702388370247e-03
4.054583811427359824e-03
4.125513404723543665e-03
4.197270677677471772e-03
4.270241045048209227e-03
4.344328790828085041e-03
4.419227231075261754e-03
4.495017774272380175e-03
4.572310178325048741e-03
4.650545825825981236e-03
