8.380824087541046639e-06
1.199286097955629566e-05
1.655671221227790479e-05
2.001432887318775500e-05
2.217557000800454218e-05
2.430952234336698230e-05
2.631276515962278374e-05
2.805233992695270719e-05
3.009443101448112517e-05
3.219206212529935013e-05
3.446145898183096352e-05
3.688446737839252000e-05
3.933764097323472084e-05
4.203105812297451663e-05
4.470272316513415292e-05
4.763512712518243130e-05
5.053152460952063430e-05
5.356471246033049584e-05
5.663187528942222759e-05
5.980611094320869057e-05
6.294515791722890953e-05
6.602570575215920673e-05
6.912789288483764459e-05
7.234560658164901771e-05
7.560025254849968551e-05
7.884389861741213437e-05
8.199175206403028194e-05
8.534678272181092846e-05
8.862976537614963293e-05
9.188198264118133845e-05
9.521159772335073459e-05
9.847806420232545069e-05
1.017740622748666921e-04
1.049815672554871472e-04
1.082098148916582685e-04
1.114589404238579842e-04
1.146791391787942670e-04
1.179297480840424953e-04
1.210628137085137103e-04
1.243087921084143723e-04
1.274615486718629802e-04
1.306461456624980638e-04
1.338281771377606026e-04
1.369104069768893519e-04
1.399813458867573193e-04
1.430291459279447249e-04
1.459943960990744505e-04
1.490475785190533255e-04
1.520208645889525943e-04
1.549827627321733066e-04
1.579310467055657281e-04
1.608225048819348431e-04
1.636635261645414969e-04
1.665452332240706292e-04
1.693907078759527359e-04
1.722300529959177630e-04
1.750486586607188433e-04
1.778138360483358404e-04
1.805732670753163783e-04
1.833011728237452496e-04
1.859638733651874703e-04
1.886265389359064609e-04
1.912221755260314331e-04
1.938330211463484517e-04
1.963955636943638433e-04
1.988930025526690760e-04
2.014151063832860325e-04
2.039218702808352995e-04
2.063551181363493887e-04
2.087814107108345695e-04
2.111638246570583766e-04
2.135469741030352451e-04
2.158798250536498957e-04
2.181480919881991344e-04
2.204148080909236517e-04
2.226675555701013046e-04
2.248798529559556890e-04
2.270869532370062705e-04
2.292489801456711800e-04
2.313919442197047102e-04
2.335131401351629396e-04
2.355625166142797625e-04
2.376553866563118950e-04
2.397166126111408859e-04
2.417659839236239322e-04
2.437790312157870471e-04
2.457672079445238304e-04
2.477520403699668729e-04
2.496931975946269631e-04
2.516066672909265381e-04
2.535198237902171496e-04
2.554088295490834423e-04
2.572745261433889924e-04
2.590998065934309834e-04
2.608860799096610777e-04
2.626636567738271119e-04
2.644136586399412157e-04
2.661583446684256992e-04
2.678719977378635035e-04
2.695860469684289193e-04
