9.902206055147599173e-06
1.366530629840032813e-05
1.853077871051940034e-05
2.199145993979268637e-05
2.486419022371075350e-05
2.794162035562535479e-05
3.071312536341177206e-05
3.366778907418181704e-05
3.698241100226276748e-05
4.032376561451060507e-05
4.376141871831132221e-05
4.721440071571904199e-05
5.090634438833129878e-05
5.467470267429300429e-05
5.849588630893636697e-05
6.259859983084790057e-05
6.665567240806755784e-05
7.076328414801092022e-05
7.486151516589434611e-05
7.904301769696804526e-05
8.320039729552322464e-05
8.739399400900921256e-05
9.156480934077635650e-05
9.572684345680012913e-05
9.995416333351699837e-05
1.041669780466063960e-04
1.083737897838398635e-04
1.124975693057114095e-04
1.167592683387560392e-04
1.209455765497898048e-04
1.251188756455634001e-04
1.293810872629417186e-04
1.335568986998020291e-04
1.377323977484864927e-04
1.420089520035201509e-04
1.461319426687167410e-04
1.502838984165238447e-04
1.544674248434705808e-04
1.585467039263630234e-04
1.626500486817327134e-04
1.667250163239622832e-04
1.708085029158164356e-04
1.748176371459635560e-04
1.787759992091718603e-04
1.827161863844717978e-04
1.866395197256726004e-04
1.904534501347303669e-04
1.942761488270951871e-04
1.980200075197171129e-04
2.017422043418104884e-04
2.054658072329655291e-04
2.091616005114805199e-04
2.127486978403762678e-04
2.163259444113886784e-04
2.198152081658316540e-04
2.232975323497109579e-04
2.266531750544333783e-04
2.300330732742160791e-04
2.332643792279314279e-04
2.364898619155868546e-04
2.396773531835859632e-04
2.428538379515606384e-04
2.459346534330955083e-04
2.489344652458154233e-04
2.519483155926275459e-04
2.548963700280939475e-04
2.578346464764169664e-04
2.607411867738353194e-04
2.635860480001601686e-04
2.663816464973158557e-04
2.691450756208060434e-04
2.718765216572909286e-04
2.745506643349204410e-04
2.771516084923826779e-04
2.797635918658383336e-04
2.822807422939460241e-04
2.847745527431638562e-04
2.872207131989360299e-04
2.896172353799304332e-04
2.919778343066865216e-04
2.942550088944993888e-04
2.964974020334705377e-04
2.987217971860555593e-04
3.009391217944222714e-04
3.031242450336711354e-04
3.052509901753409373e-04
3.073899132338972842e-04
3.094855158372983544e-04
3.115601615064552419e-04
3.135704449058774332e-04
3.155733761240844966e-04
3.175745522498958162e-04
3.195787216461938606e-04
3.215276008063357800e-04
3.234568804119719110e-04
3.253611717832639145e-04
3.272313954242414579e-04
3.290512533369413951e-04
3.308455435454085193e-04
3.326362907705687332e-04
