3.586637549624476989e-06
5.464846427008763963e-06
7.392488820243864648e-06
8.812009325953810263e-06
1.000684535568457959e-05
1.138688863552178981e-05
1.285283684254465026e-05
1.416219865096363178e-05
1.526055074228379192e-05
1.614961518516364831e-05
1.685304529644159155e-05
1.762911870305103044e-05
1.839183548940036804e-05
1.906640465331519953e-05
1.976445936674642959e-05
2.049828600988745788e-05
2.117937215726516424e-05
2.192703524849011978e-05
2.253169072827720934e-05
2.313489193431656496e-05
2.370592267027265459e-05
2.425174101416345380e-05
2.478193333420564590e-05
2.526536853006416481e-05
2.571884514351643270e-05
2.614017913385974061e-05
2.660376245690666524e-05
2.698666388133835669e-05
2.736992215268957480e-05
2.771832975778575230e-05
2.807169610083417322e-05
2.841682869582034970e-05
2.872344599112012600e-05
2.902777740569571075e-05
2.929982718980102263e-05
2.957442743531714334e-05
2.983606490554397615e-05
3.003461381690440303e-05
3.022542737942922951e-05
3.041090899197548272e-05
3.061724184516461045e-05
3.078897735299758237e-05
3.096420448084451904e-05
3.109787002266781170e-05
3.123605099476682372e-05
3.136998305653816818e-05
3.149769872270413278e-05
3.160210571582034789e-05
3.171482315972638479e-05
3.182390866622728036e-05
3.191979206833833732e-05
3.201671222160830919e-05
3.211029345641529161e-05
3.219484458215715150e-05
3.228185006502924345e-05
3.236992510014117993e-05
3.247229581213917132e-05
3.255830348318155355e-05
3.265032225186436082e-05
3.274207509204728493e-05
3.283899621077762768e-05
3.293674000644803698e-05
3.303526859234295844e-05
3.314123506028065434e-05
3.322885844996541086e-05
3.332659520877241861e-05
3.344695209403381205e-05
3.356891560094019345e-05
3.370433373032008647e-05
3.385877430860713427e-05
3.401663403728612121e-05
3.417738208185102294e-05
3.433616094165243865e-05
3.450677103123490951e-05
3.468126313593153051e-05
3.486939309146346071e-05
3.505339921639303452e-05
3.524215616011732729e-05
3.544914424459975688e-05
3.564649950881331033e-05
3.585294019115843584e-05
3.605920108312198383e-05
3.628447131052107429e-05
3.651002049909710405e-05
3.674738011577941417e-05
3.698678890210337387e-05
3.724309754593130929e-05
3.750880824348209840e-05
3.777277111914041456e-05
3.803698359285212445e-05
3.831994577330321026e-05
3.861091717828332508e-05
3.891172002985649874e-05
3.921462080962913473e-05
3.953086656427799267e-05
3.984760172954567313e-05
4.017509556353413751e-05
4.050730549425650266e-05
4.084104732356676139e-05
4.118159393420395362e-05
