9.763106726499629464e-05
1.469098306523939268e-04
2.042673471747013419e-04
2.560608810476010439e-04
3.066077197384982117e-04
3.566320266413427879e-04
4.011700137814138995e-04
4.381836405035037258e-04
4.711916085409034683e-04
5.005778171882354710e-04
5.275900662622134713e-04
5.504423024996909315e-04
5.696564982253313073e-04
5.879947740022688479e-04
6.031658513047383078e-04
6.189263289679100988e-04
6.342489207943488800e-04
6.484340915929531985e-04
6.612276892992550613e-04
6.737237772701979528e-04
6.882513751824010642e-04
7.017984463531648292e-04
7.157093218277774550e-04
7.302441914571334691e-04
7.452273585805558719e-04
7.605771086265911401e-04
7.766327054842254822e-04
7.938083731412115193e-04
8.114322957130490517e-04
8.304626072023136218e-04
8.501207172723685606e-04
8.706909203793969636e-04
8.916280348197061414e-04
9.134719794243073999e-04
9.364915133776768657e-04
9.605735883636887630e-04
9.850881188799183452e-04
1.010457414137642777e-03
1.036815098592562025e-03
1.063355091781105054e-03
1.090964041802992748e-03
1.119426318734492547e-03
1.148240112169974939e-03
1.177707228199540920e-03
1.208004419788409264e-03
1.238723537038952539e-03
1.270153245347760331e-03
1.302690372327214860e-03
1.335375786870547426e-03
1.368685782209073682e-03
1.403031123476876406e-03
1.437906144886212699e-03
1.473561229551457888e-03
1.509749748827760550e-03
1.546512631685473130e-03
1.583768244025463836e-03
1.621882546705200046e-03
1.660289717378715581e-03
1.699166774107501192e-03
1.738543244299110401e-03
1.778674054609151673e-03
1.819108032027335481e-03
1.860077870961240974e-03
1.901510644324856409e-03
1.943406161111005349e-03
1.985758139777492326e-03
2.028324082050423933e-03
2.071499029888151065e-03
2.115032522122891560e-03
2.159232164326258842e-03
2.203519113645523251e-03
2.248742753420526676e-03
2.294190662184950741e-03
2.340154481707422320e-03
2.386812334073967583e-03
2.433934987843647604e-03
2.481604347028105138e-03
2.529652279940677699e-03
2.578162689613445503e-03
2.627384756649333436e-03
2.676936761029816841e-03
2.726716924702968833e-03
2.776951821810874285e-03
2.827849763091031237e-03
2.878961874283820881e-03
2.930717309998515790e-03
2.983176359059962462e-03
3.036050458674771114e-03
3.089480598816021859e-03
3.143760555383935239e-03
3.198311474282343123e-03
3.253398141274184852e-03
3.309154719575116855e-03
3.365498121801085464e-03
3.422107695936778445e-03
3.479405896257774244e-03
3.536969353396463185e-03
3.594731039622938492e-03
3.653041692045117059e-03
3.711546278006431273e-03
