2.477689923335063773e-06
4.516682800191171698e-06
5.690340832924784919e-06
7.015601416856680927e-06
7.743823108132354667e-06
8.407318597243186096e-06
9.245304671170174768e-06
1.000550265130879830e-05
1.070959709574336635e-05
1.130301688022373725e-05
1.181560963097252892e-05
1.226190418760528330e-05
1.267879175373707589e-05
1.308255495712251557e-05
1.346854218539575742e-05
1.387234229082749277e-05
1.429796065476672231e-05
1.468721418676872239e-05
1.514007858162655304e-05
1.557329441002247886e-05
1.600502407888537682e-05
1.640767018119019340e-05
1.681877500214739514e-05
1.722724722898080719e-05
1.761606872585610355e-05
1.799161314177164612e-05
1.836349576800256177e-05
1.871682087629978361e-05
1.904656382506957302e-05
1.942740184548479712e-05
1.979269796126922768e-05
2.014443606906282281e-05
2.047765799377648360e-05
2.079326241590079261e-05
2.113716877671085299e-05
2.145538984816309708e-05
2.175571185318673904e-05
2.206451133187547966e-05
2.237097703853547275e-05
2.265389258875772589e-05
2.293039123546479361e-05
2.320860838168551629e-05
2.346830964003664992e-05
2.371704873902486717e-05
2.396066769901890897e-05
2.419556228532768861e-05
2.442356231375003689e-05
2.466663994431434444e-05
2.488438884171345733e-05
2.510853835430677271e-05
2.532809637086768189e-05
2.552714093567547477e-05
2.574854771057732294e-05
2.593256374322129581e-05
2.614658186097135826e-05
2.635597730572557170e-05
2.656286942855574836e-05
2.676689060445355874e-05
2.697070456104688909e-05
2.717573922811186606e-05
2.737731635451229426e-05
2.756935744648372088e-05
2.775819247688739901e-05
2.794062577707288083e-05
2.813201755391155887e-05
2.831530287731147004e-05
2.848862210454138281e-05
2.866795246649594451e-05
2.884455925060174419e-05
2.902364516362863298e-05
2.921135954350517961e-05
2.939388840066471775e-05
2.956288513139095469e-05
2.973360312458164749e-05
2.990497409247945158e-05
3.007042374434081965e-05
3.024523562250053756e-05
3.041813670783855716e-05
3.058981331987728166e-05
3.076906441472458139e-05
3.095314088751053379e-05
3.113749998210072129e-05
3.132442250105350504e-05
3.150739710486009817e-05
3.169550727657323267e-05
3.188663702143335066e-05
3.208165311240827156e-05
3.227966892956225510e-05
3.247912138990108636e-05
3.268198781020488399e-05
3.289457413672612439e-05
3.309788838390838718e-05
3.330238522030018510e-05
3.351312942683744116e-05
3.372899362214859591e-05
3.394851052366480699e-05
3.417440224982326195e-05
3.439406110493425982e-05
3.461819085998742781e-05
3.484778201009150250e-05
