3.263384024146088648e-06
4.758790479409921544e-06
6.471870325786699277e-06
7.765545609606966211e-06
8.832362613653138775e-06
9.969366183351323476e-06
1.114548622035393933e-05
1.220444010820364684e-05
1.313069754417111580e-05
1.392462237724605102e-05
1.474363051082497673e-05
1.546202891390392360e-05
1.620756120682772963e-05
1.696779376281863576e-05
1.766719951994756609e-05
1.828077375820787740e-05
1.893893612158888029e-05
1.960484907650509299e-05
2.024273344688653492e-05
2.087394669449366979e-05
2.144622431356343209e-05
2.205398252076135155e-05
2.262237660602904441e-05
2.319512711762437008e-05
2.374354752786046594e-05
2.427031861570005985e-05
2.478641223820691162e-05
2.528548729107050718e-05
2.575680082838689974e-05
2.623361459222645707e-05
2.667201070398016719e-05
2.709383737222595805e-05
2.750159951910672180e-05
2.788516288991493345e-05
2.827236233606834147e-05
2.860237196126691044e-05
2.894257425158962426e-05
2.925309302477425378e-05
2.957388008720566062e-05
2.986411801351933378e-05
3.015179341935281785e-05
3.040781427590165541e-05
3.066037936789921758e-05
3.087690493017831127e-05
3.109104042365296153e-05
3.128673904675007244e-05
3.146649961461097403e-05
3.165057149365584202e-05
3.184075293854290778e-05
3.201539627295518228e-05
3.216558584768859966e-05
3.232416269335414079e-05
3.247583959583116267e-05
3.262712644432173988e-05
3.275816391630387053e-05
3.289111500688601391e-05
3.300870070145036012e-05
3.312717047329702158e-05
3.324345440673588556e-05
3.334067075212277886e-05
3.344478672933265439e-05
3.355057913453437802e-05
3.364443219084613192e-05
3.373566936405847220e-05
3.383253084878165741e-05
3.393623936897666128e-05
3.405259801173583231e-05
3.416962739555902580e-05
3.428962148146059681e-05
3.441147200568054601e-05
3.454574629779968379e-05
3.467515743713008068e-05
3.478960701319151722e-05
3.491415957215571230e-05
3.503625204033239941e-05
3.516067137916386779e-05
3.529022703558923807e-05
3.541861237595657602e-05
3.553336382574886576e-05
3.565703264154537853e-05
3.577891149312457128e-05
3.589510793503105827e-05
3.602696505147092950e-05
3.616123638141861813e-05
3.629666848707493939e-05
3.644626228819837250e-05
3.660214378174418714e-05
3.676388607426392250e-05
3.693473736354348333e-05
3.710132567878092306e-05
3.727528858822875825e-05
3.745795690833915144e-05
3.763904782901284158e-05
3.782842992776543067e-05
3.802862545604473988e-05
3.822857322603024868e-05
3.843104747828460119e-05
3.865107505710871458e-05
3.886484759508342015e-05
3.908878840626166511e-05
