2.671817902330129733e-05
4.306995083124910071e-05
5.996384612235523321e-05
7.561115994415257258e-05
9.129490361150143028e-05
1.065216949509762741e-04
1.220447776840544684e-04
1.365073332314978825e-04
1.509535789286509794e-04
1.658435462703396906e-04
1.801374473698727822e-04
1.942784931369808614e-04
2.084562591480135793e-04
2.234373190577231894e-04
2.374900410774479799e-04
2.522271358957732545e-04
2.662534528848026173e-04
2.796822571040501366e-04
2.925615415167292913e-04
3.054342961070863772e-04
3.180271090931835660e-04
3.301737083757789993e-04
3.417196614500246751e-04
3.528883976721283950e-04
3.639054189194188818e-04
3.743012418138500375e-04
3.847902425463894742e-04
3.947576976253785010e-04
4.046382632017467176e-04
4.135430112397311454e-04
4.219394774897412413e-04
4.302141836180715375e-04
4.381822518265643352e-04
4.457214541160139411e-04
4.530700102076557628e-04
4.601629261431781155e-04
4.669606474825609361e-04
4.734400984697801750e-04
4.797315998947405502e-04
4.856527805945362120e-04
4.912441902554522902e-04
4.964933457661946251e-04
5.012051456966361892e-04
5.060216944472745865e-04
5.106880793154125551e-04
5.152896780857351778e-04
5.196661249613507370e-04
5.240160446159003622e-04
5.281893485804534365e-04
5.320559515436515180e-04
5.360083637580735031e-04
5.396701658151827801e-04
5.432916537274233224e-04
5.468516348918907961e-04
5.503287528585612933e-04
5.535376799434510399e-04
5.568608876790104344e-04
5.601456317183224664e-04
5.633720366763948035e-04
5.663705269487014299e-04
5.695741156145691254e-04
5.726999297651591504e-04
5.759168232112308380e-04
5.790711035234681310e-04
5.823444477023960366e-04
5.857343388078527311e-04
5.890016893741851448e-04
5.923813216877685511e-04
5.957507246089948022e-04
5.990213703170960352e-04
6.022635728157895016e-04
6.055871341260199566e-04
6.087977242518687699e-04
6.122101210109303021e-04
6.157660533576399340e-04
6.193461924688354681e-04
6.230803748167448386e-04
6.268157155684479960e-04
6.305207277670077642e-04
6.343472126914105483e-04
6.382625987442629460e-04
6.423016910646302865e-04
6.463323062920425148e-04
6.504856658618379068e-04
6.547176005658326059e-04
6.589770917209949921e-04
6.632490079349510686e-04
6.675561014265675875e-04
6.720265959162574675e-04
6.765296403980829111e-04
6.811483294657414908e-04
6.857521052385930982e-04
6.904359067651045026e-04
6.951251233110044159e-04
6.998469136915754776e-04
7.046912450092653914e-04
7.096323269563393609e-04
7.146850318031732190e-04
7.198038889571773801e-04
7.249478305480597804e-04
