7.256417661101927140e-04
7.980709514854806902e-04
9.316126612182851598e-04
1.037829304576066503e-03
1.133449988194874369e-03
1.210314533535898499e-03
1.280555517130984363e-03
1.359025921989906547e-03
1.443223700266565860e-03
1.523418968367528867e-03
1.609780293474206850e-03
1.698421760290831899e-03
1.799056281288208270e-03
1.904411375526122302e-03
2.018790269415766080e-03
2.135349006641552253e-03
2.253054962504664506e-03
2.378891121049959284e-03
2.508754318483796819e-03
2.641351835994751405e-03
2.774528430916389007e-03
2.914465689414415944e-03
3.062153159994513048e-03
3.212816204520499343e-03
3.371964212233729587e-03
3.539422758278956953e-03
3.712829669678699169e-03
3.893768979759778225e-03
4.083910321378450385e-03
4.275480519410131131e-03
4.471568479184476370e-03
4.671561250823301654e-03
4.883340007964140535e-03
5.106783075610439072e-03
5.341952699583561726e-03
5.581768156937215800e-03
5.829676659248484577e-03
6.082209385598629295e-03
6.342381176036865006e-03
6.612884471211065256e-03
6.885533734779687720e-03
7.175348857751892746e-03
7.473405615834999120e-03
7.791665403767238096e-03
8.128083804295343356e-03
8.479621483764384141e-03
8.849311884392271552e-03
9.230677447218437262e-03
9.631454971188450204e-03
