3.753704466009715151e-04
4.279028115524920075e-04
5.116063334483168714e-04
5.863520815738887566e-04
6.480820090395649066e-04
6.925582360606698370e-04
7.383280936437906479e-04
7.819772073552106904e-04
8.209207430217666662e-04
8.535233305741458769e-04
8.788072937767172580e-04
9.147106476597267411e-04
9.479110398421339984e-04
9.755913995029542006e-04
1.004711891886926004e-03
1.035493313400330821e-03
1.067547045022421625e-03
1.095771922433602533e-03
1.126766870610457823e-03
1.167028792587410059e-03
1.206674791128159972e-03
1.248588633593697601e-03
1.290904450957390840e-03
1.334912127785334779e-03
1.380854988510162766e-03
1.427462174398996765e-03
1.476197594809785900e-03
1.525628243130639980e-03
1.577041026808577223e-03
1.631654766243846762e-03
1.688697864859027347e-03
1.745737315766676722e-03
1.804512980668749635e-03
1.863839446399161723e-03
1.923824892053413536e-03
1.985011327348051510e-03
2.049476145455267784e-03
2.113245686389514811e-03
2.177470633338177836e-03
2.243098814875315022e-03
2.312085188396154328e-03
2.382087347014920017e-03
2.452295562387313103e-03
2.524031057444139220e-03
2.597873643205375355e-03
2.672555357580045070e-03
2.749854792647987104e-03
2.828489906693246094e-03
2.906505715022292876e-03
