1.007542259252616063e-03
1.160613928991721883e-03
1.334957504411812129e-03
1.470688532436900718e-03
1.618670505875879819e-03
1.757628767541341043e-03
1.877726118036967271e-03
2.004815065710954108e-03
2.159218853325861002e-03
2.318137959450165212e-03
2.496287336900481282e-03
2.685824008566714462e-03
2.878811384754271195e-03
3.093924269217835157e-03
3.322201866070566712e-03
3.560779885275660965e-03
3.819796936324058520e-03
4.092978094415404035e-03
4.378719361502980863e-03
4.677289616991516311e-03
4.975738452825762513e-03
5.290436135809521538e-03
5.633800299979899867e-03
6.000637319139895572e-03
6.378121658143335454e-03
6.765258951518116591e-03
7.178775001707870043e-03
7.624672701828432049e-03
8.111347572762821201e-03
8.637314240617522537e-03
9.201544830972574474e-03
9.807329717514664050e-03
1.043765905856936481e-02
1.110437037309435111e-02
1.179839688857304593e-02
1.250387846831928565e-02
1.320729249119942904e-02
1.387382996729174915e-02
1.441026882929564989e-02
1.496994421302361850e-02
1.560588051911709212e-02
1.633940294248920413e-02
1.717233048471103474e-02
1.811549845039096135e-02
1.915503020604003917e-02
2.030199297511182249e-02
2.156617543560774078e-02
2.294754509585645794e-02
2.446203468671204542e-02
