4.210252163109663872e-05
6.407119910086269928e-05
8.754922032039494210e-05
1.129164958670277513e-04
1.368101683591802615e-04
1.607738744651114474e-04
1.837592377875389542e-04
2.051037548057879319e-04
2.271847757089524606e-04
2.491429944881507863e-04
2.706808576357318859e-04
2.919285822113652199e-04
3.128393123941418906e-04
3.323623044389599360e-04
3.514932816461192725e-04
3.696564608284205072e-04
3.864993545371056202e-04
4.033221144609874125e-04
4.183918746513265712e-04
4.326575347459362536e-04
4.462224162136058147e-04
4.590279391933067658e-04
4.709388279044894945e-04
4.818604964335640949e-04
4.923642587280330479e-04
5.023213178499704281e-04
5.114708704738773126e-04
5.196884670098634272e-04
5.274878361096782238e-04
5.349088948599660300e-04
5.421924368231960389e-04
5.491352770128810241e-04
5.558111304994735541e-04
5.620744049473253186e-04
5.681114529081151415e-04
5.737077729196396556e-04
5.792476518100180341e-04
5.843818438000222869e-04
5.895628764514529354e-04
5.946938869146791568e-04
5.996467469880028232e-04
6.045589273770127963e-04
6.094952812974530412e-04
6.143955799385683071e-04
6.193378233537611159e-04
6.243962195220875092e-04
6.296606717571670217e-04
6.348972059021482399e-04
6.402505308262527225e-04
6.454910870252524458e-04
6.508289928732598423e-04
6.563746303034323189e-04
6.618273488074144072e-04
6.673705730057955107e-04
6.729795328920241092e-04
6.787070490331526115e-04
6.845981739426448137e-04
6.906579829901245311e-04
6.969052571007631472e-04
7.034119614835182685e-04
7.099485033938981397e-04
7.166565638594783998e-04
7.236431774508090891e-04
7.308582773895288013e-04
7.381078708385657543e-04
7.456888076170774824e-04
7.534258942237291937e-04
7.613049924048025151e-04
7.693404569060815221e-04
7.777021859815555840e-04
7.863227585645254274e-04
7.950191515013515023e-04
8.038270944398212114e-04
8.128059114399724264e-04
8.219214343967354676e-04
8.313498591980726053e-04
8.409436723959953569e-04
8.506818956436079399e-04
8.604230438598788619e-04
8.704336438529469699e-04
8.806646246576059923e-04
8.910137608820355073e-04
9.015417988988761507e-04
9.122074068492561647e-04
9.229562376403231683e-04
9.338290744253889813e-04
9.448566873141529604e-04
9.562061341085116486e-04
9.675943861893522048e-04
9.790710535584538736e-04
9.907040988800155240e-04
1.002437649689810100e-03
1.014342052584604314e-03
1.026381258312991261e-03
1.038552899193201330e-03
1.050767516343198643e-03
1.063142228965646132e-03
1.075701160867719190e-03
1.088330181405950791e-03
1.101178422623861220e-03
