8.396866031261439409e-05
1.331049959753557283e-04
1.876855016365091221e-04
2.368526276132730264e-04
2.790358755895014711e-04
3.200045462221760319e-04
3.602765514449909933e-04
3.966241250571393836e-04
4.302743749149162450e-04
4.586178894975768625e-04
4.834930394790969534e-04
5.059810436236125003e-04
5.250119039328519964e-04
5.435404488463821708e-04
5.605772300351639145e-04
5.759191604393922807e-04
5.883948925532898541e-04
5.998876130216092891e-04
6.108137016141723403e-04
6.216370970061905945e-04
6.323345398775599962e-04
6.434046852367081770e-04
6.545048179320711200e-04
6.653251477297085969e-04
6.769346304344112933e-04
6.885229144733100159e-04
7.007584528600684570e-04
7.138914558556335409e-04
7.274478665804498577e-04
7.416423738765074835e-04
7.563700352413971727e-04
7.716372267508821072e-04
7.879142917175099761e-04
8.041321906085861435e-04
8.206547185066997551e-04
8.382768576804144238e-04
8.562863135550211882e-04
8.747263964631917443e-04
8.933246521706006459e-04
9.131246279318192471e-04
9.335029608234742850e-04
9.545497259072948434e-04
9.764638887535736708e-04
9.990988002383455538e-04
1.022385562831977859e-03
1.045969780103251203e-03
1.070254844739825049e-03
1.095102080345754063e-03
1.120391733506049831e-03
1.145858260520580619e-03
1.171894641441838377e-03
1.198581204082591100e-03
1.225813687243585250e-03
1.253473259087245538e-03
1.281888987452541300e-03
1.310811721275456079e-03
1.340273890839105506e-03
1.370118635439986033e-03
1.400393862928120230e-03
1.431099910128060936e-03
1.462059368272930092e-03
1.493447432591367419e-03
1.525168436816194684e-03
1.557186512807623305e-03
1.589699410965132124e-03
1.622545704411951272e-03
1.655843945879724314e-03
1.689892260470128669e-03
1.724318484410106069e-03
1.759247254205041156e-03
1.794753169066882516e-03
1.830455457929482457e-03
1.866496709065662779e-03
1.902899587701401864e-03
1.939707034783341071e-03
1.976928535766607053e-03
2.014207150475212649e-03
2.052133224175613658e-03
2.090034210444116722e-03
2.128492500754209423e-03
2.167330116120662863e-03
2.206565740915028290e-03
2.245747642102201465e-03
2.285634960194860617e-03
2.325704043757060527e-03
2.366126234694267139e-03
2.407096818967987672e-03
2.448414026337142856e-03
2.490130706922121656e-03
2.532261855728653362e-03
2.574722893363580803e-03
2.617733672962948080e-03
2.661139641583608155e-03
2.704712320814738231e-03
2.748618394628501733e-03
2.792983971865633727e-03
2.837686508778051661e-03
2.882955958339663248e-03
2.928585858923635817e-03
2.974720224950678452e-03
