2.111005790048307970e-05
3.120490784877735655e-05
4.475195985232071879e-05
5.716906369280606235e-05
6.884796903330308985e-05
7.985507769760327506e-05
9.158213011764370194e-05
1.033973588183212871e-04
1.148520279549340397e-04
1.264389861065890830e-04
1.377702579456497342e-04
1.485752850705661040e-04
1.593765771718517348e-04
1.703053463378211235e-04
1.809774775284431376e-04
1.918625613771224412e-04
2.022766816078580044e-04
2.126371999267001448e-04
2.229320265385351357e-04
2.329742495434935037e-04
2.431301504217188751e-04
2.532423947263713658e-04
2.629839719912077352e-04
2.728063422100883949e-04
2.824348874996746896e-04
2.920785724096494965e-04
3.014330513211579206e-04
3.107135801007372537e-04
3.197460786867987060e-04
3.287143784666688904e-04
3.373388637886642004e-04
3.458570555930176355e-04
3.539581593412717054e-04
3.619120008219375026e-04
3.697370050694787189e-04
3.772860885930890882e-04
3.845586288963601866e-04
3.917105552061874774e-04
3.986213375969646969e-04
4.053636641338607006e-04
4.117060865220433462e-04
4.181758625784180489e-04
4.243879982401856901e-04
4.303957251447583423e-04
4.359177990186247228e-04
4.411249482010151418e-04
4.461590892273001449e-04
4.511905601292302923e-04
4.559354388018789245e-04
4.606009523436274352e-04
4.650962204832237673e-04
4.694305608434551293e-04
4.735405319969749520e-04
4.774310099334846480e-04
4.812089669160567206e-04
4.849612131189944648e-04
4.886087821335876810e-04
4.920711799221588354e-04
4.954304750113474676e-04
4.986172961728889755e-04
5.017224918243404956e-04
5.048040770014803605e-04
5.077832464131462218e-04
5.105492357879179519e-04
5.134756146406278896e-04
5.162885013364468039e-04
5.189735521691395603e-04
5.216247664221797817e-04
5.242516820395779105e-04
5.267907989755026910e-04
5.293459061263472085e-04
5.318329337264304704e-04
5.343495807655440979e-04
5.368727479828631259e-04
5.393524071043527199e-04
5.418234781428336823e-04
5.442670122825965691e-04
5.467188204767461880e-04
5.491797052197713684e-04
5.515468585290399413e-04
5.538852312560421480e-04
5.562627078001585118e-04
5.587043234872123140e-04
5.610852543730096478e-04
5.634800011801589358e-04
5.660064449780175151e-04
5.685205909389072759e-04
5.709758082128144237e-04
5.735203215287037245e-04
5.760611169991401931e-04
5.786758541115256038e-04
5.813044237579819817e-04
5.838900114001025366e-04
5.865039206206821643e-04
5.891548440786267002e-04
5.917791559107629922e-04
5.943844058951668627e-04
5.970159207503573625e-04
5.997502660604050670e-04
6.025055228839373530e-04
