4.207461967645285527e-04
4.911825101630023930e-04
5.929443253449810788e-04
6.676595798444281407e-04
7.310356333701052743e-04
7.780205329493688083e-04
8.307920774881885108e-04
8.778755311875239458e-04
9.156772585018437861e-04
9.486267916753405660e-04
9.846004022653984805e-04
1.018797715148268401e-03
1.052937257948629570e-03
1.093765829344091898e-03
1.131276226962605247e-03
1.167488608913351327e-03
1.206208158326730912e-03
1.246125004863693703e-03
1.290453189756755013e-03
1.336059691660699753e-03
1.387281884333711052e-03
1.443635289026549843e-03
1.501353908532182188e-03
1.559668140075670846e-03
1.621693064832213605e-03
1.683492024251228387e-03
1.747771988299672528e-03
1.811452201740382717e-03
1.878340973512594150e-03
1.944285396860725513e-03
2.013533421167445613e-03
2.082960698102881078e-03
2.154722063368129294e-03
2.229226774498718148e-03
2.307455871403072453e-03
2.388480751749074999e-03
2.468462546391444069e-03
2.550292501685460112e-03
2.635031172531916190e-03
2.720282639952229312e-03
2.809958665054317160e-03
2.900236677481201394e-03
2.992472319665059541e-03
3.087485174936873203e-03
3.182167453454815866e-03
3.277991906690868283e-03
3.377406003018467752e-03
3.475937528615886431e-03
3.577774072855045059e-03
