9.406803733919590071e-04
1.045729772450785210e-03
1.172519271520118794e-03
1.301143435650859402e-03
1.430282892705097512e-03
1.541191785631175698e-03
1.662574049204997278e-03
1.770245549584953653e-03
1.897081190424221211e-03
2.025078492770423459e-03
2.171598827270509319e-03
2.320489038448410053e-03
2.484781170941249579e-03
2.642781606803776360e-03
2.815225687954982670e-03
2.992222922233031372e-03
3.178844634155774014e-03
3.375553621750031989e-03
3.583135764354036974e-03
3.803497975159454789e-03
4.037224414362571012e-03
4.275355669718537352e-03
4.514640980235105211e-03
4.773605774283398023e-03
5.049512131668789511e-03
5.340872811613563663e-03
5.654352713612858551e-03
5.976623545891359378e-03
6.316311319302179983e-03
6.670034281342695701e-03
7.041532809525350919e-03
7.440060937618477727e-03
7.854924544487815186e-03
8.305692443051468712e-03
8.783977898873671780e-03
9.293196182891047888e-03
9.831369426246695450e-03
1.039227824398945843e-02
1.097000537570997671e-02
1.157542445338681676e-02
1.218699474863542583e-02
1.279188748311757030e-02
1.338052098867123854e-02
1.388867597525916819e-02
1.434056937423036290e-02
1.482287601851104211e-02
1.535652338563818324e-02
1.596938695733829405e-02
1.666421251061058970e-02
