5.635957840323065430e-06
8.654299428272563689e-06
1.155796432457047743e-05
1.449910836814637035e-05
1.692057021160058689e-05
1.857182792686953743e-05
1.971909305294984539e-05
2.040377528038217397e-05
2.119097029629202889e-05
2.176021490022521409e-05
2.242989755906247578e-05
2.307919388135720075e-05
2.377959825435301957e-05
2.446259068449260798e-05
2.511680945265821300e-05
2.582435903926583938e-05
2.653892061562816308e-05
2.723077040301803050e-05
2.785040526684148449e-05
2.847896982769100558e-05
2.916453275349843881e-05
2.977798479478444639e-05
3.042348357263076371e-05
3.108662373800041774e-05
3.175194237524733035e-05
3.242331577242404174e-05
3.303704996675091334e-05
3.370542265523482269e-05
3.437054135279010800e-05
3.505235443912167758e-05
3.569462692421633755e-05
3.637513557950866920e-05
3.703813717365725308e-05
3.772627515872579865e-05
3.840589743272111576e-05
3.912364228732248734e-05
3.985712656338398784e-05
4.056206723281402461e-05
4.131535490404625554e-05
4.207851792575689433e-05
4.283554411135440083e-05
4.360866761592325797e-05
4.442296403133705411e-05
4.523089040617709954e-05
4.605645238465484997e-05
4.689626482713280442e-05
4.773449723286500384e-05
4.859658904344447381e-05
4.943971825345745490e-05
5.031487283687626166e-05
5.122004160837646738e-05
5.212067821325312499e-05
5.302578389960617140e-05
5.393406377005326619e-05
5.483406729757559037e-05
5.575802466135794768e-05
5.668838468488104638e-05
5.762511979991907421e-05
5.855579066285624990e-05
5.948381689291756060e-05
6.042649128842254879e-05
6.138485377848608144e-05
6.232963247592289121e-05
6.327473697989845843e-05
6.423097534146533436e-05
6.520982828869286070e-05
6.617440795304674426e-05
6.714897141118342759e-05
6.812913656685873082e-05
6.912651980729097613e-05
7.011244242920996279e-05
7.110397493575961912e-05
7.210462007896056261e-05
7.311957683695243329e-05
7.413431224909750115e-05
7.514740141986406849e-05
7.618524372088053022e-05
7.721088382016471979e-05
7.824224554649394567e-05
7.926539529744205828e-05
8.029029017757987328e-05
8.133648453170965809e-05
8.236805788259237706e-05
8.341605644238032642e-05
8.446587887155470047e-05
8.550795920525292525e-05
8.656393870937614473e-05
8.762633347297407878e-05
8.867780578325232884e-05
8.973499633802071822e-05
9.080531919209135975e-05
9.188205852734162269e-05
9.296020433376353683e-05
9.404639848527380423e-05
9.511708833937167001e-05
9.620371753084944785e-05
9.727771927879544378e-05
9.836024794714251344e-05
9.944388759829533516e-05
1.005319176461620233e-04
