6.500910448288332389e-04
7.123609481251416469e-04
8.059754831254995746e-04
9.148182555697328792e-04
1.000921185650458433e-03
1.068029089041580169e-03
1.117010462326683976e-03
1.176009577519926191e-03
1.244282421300945286e-03
1.306841582435114670e-03
1.369486093015726469e-03
1.437638563370494766e-03
1.514478867109288760e-03
1.593119299098724132e-03
1.671415116420696964e-03
1.758861256145944534e-03
1.846583614785591090e-03
1.935279536931486721e-03
2.029721926936170571e-03
2.131081776722649687e-03
2.236943867244745553e-03
2.346059515468776335e-03
2.460038813733064766e-03
2.574720791836890722e-03
2.698133093780870351e-03
2.824289844211682124e-03
2.956814112100024459e-03
3.089270291968735076e-03
3.227335987543896497e-03
3.370963565404267500e-03
3.523142714669460704e-03
3.675374763847969167e-03
3.830070777136913938e-03
3.991951497781432052e-03
4.152719064684543340e-03
4.316229935678313895e-03
4.488416397090942006e-03
4.659443163562475287e-03
4.837322241030204278e-03
5.022312661676290278e-03
5.215574488172150004e-03
5.419316320369263647e-03
5.629827717384515082e-03
5.844119066029948920e-03
6.060446935246010559e-03
6.280577339969286958e-03
6.504079127606155093e-03
6.735263187246573295e-03
6.979347128149441908e-03
