2.932248989236921799e-04
3.375822574995957100e-04
4.029092845301193693e-04
4.631229958054287866e-04
5.287173615684422328e-04
5.726604075777150769e-04
6.218852462510999959e-04
6.609745437504972558e-04
6.926679992012836715e-04
7.202123845288171218e-04
7.511294166297026453e-04
7.737533385906189380e-04
7.941648836803503380e-04
8.118480039097133701e-04
8.324087543424775644e-04
8.474447738587660619e-04
8.654215530332849725e-04
8.838150233180902234e-04
9.031615363807210702e-04
9.238410127486260549e-04
9.462559101276892632e-04
9.673779491386380776e-04
9.909862260120286606e-04
1.014943076137378875e-03
1.039884548278356777e-03
1.066363676397248401e-03
1.094064977605369113e-03
1.122397951799435295e-03
1.150673843731814293e-03
1.178856193384844641e-03
1.208214306671476180e-03
1.239385157333312143e-03
1.271583777467133599e-03
1.306686997435578621e-03
1.341777359763028773e-03
1.377408560162986413e-03
1.415010167541664102e-03
1.452470227397372393e-03
1.490807283361642336e-03
1.530679379332851005e-03
1.572998005456115959e-03
1.614971164239857159e-03
1.658376759496549670e-03
1.702545260841323554e-03
1.748339852138458550e-03
1.794539262332002201e-03
1.840848636284145561e-03
1.889409148257014401e-03
1.937273059068883021e-03
