4.860151626494475953e-06
7.148603197284318571e-06
9.531570436291790407e-06
1.156423304513094079e-05
1.356210098232602350e-05
1.504391697596213152e-05
1.626531929762272926e-05
1.726942030239603316e-05
1.803029200601558116e-05
1.874092721826317129e-05
1.946201182399493631e-05
2.022395607112683496e-05
2.090502499272727581e-05
2.160419909792271045e-05
2.227240420215649631e-05
2.289059507912406184e-05
2.344044627830240137e-05
2.397420762179308749e-05
2.447444099327889130e-05
2.497628846120695346e-05
2.545098191441069342e-05
2.585571126481709609e-05
2.626930711607377506e-05
2.669188290252103051e-05
2.710278905151849950e-05
2.749656320530729394e-05
2.788091780181276775e-05
2.825140465107710231e-05
2.858299128384991837e-05
2.892116037416671875e-05
2.922066583336704019e-05
2.950031910524517667e-05
2.979237831178033183e-05
3.006277774826820423e-05
3.030583838901023622e-05
3.057677314901872446e-05
3.086001569354773831e-05
3.113109557294719079e-05
3.138821017549374713e-05
3.162656707172198232e-05
3.187070060135025449e-05
3.214518953457963193e-05
3.239955505946123603e-05
3.266864467332392639e-05
3.291633379533781382e-05
3.318283485164400133e-05
3.344942939479316418e-05
3.371114189689033177e-05
3.395748398821218564e-05
3.421892271116866479e-05
3.448129899516780099e-05
3.474924108539588453e-05
3.501243686160701872e-05
3.529588525993808846e-05
3.557829667024479795e-05
3.587296069032745846e-05
3.618681283876640378e-05
3.650484801115992455e-05
3.682932215228434367e-05
3.717124030159656058e-05
3.753240761921336569e-05
3.789835063178532715e-05
3.828965337646823706e-05
3.868458781044477297e-05
3.907083777267161980e-05
3.947393538981147822e-05
3.989407664478614076e-05
4.033189460775236988e-05
4.076706166191010669e-05
4.120619238882787581e-05
4.165833463466845873e-05
4.212971130120532357e-05
4.261411731774349419e-05
4.309800393901538689e-05
4.357979423719564180e-05
4.408745434443419979e-05
4.460561966215134092e-05
4.513153999760586058e-05
4.567094266246052932e-05
4.621371484460385937e-05
4.675802743279604729e-05
4.732372117595609861e-05
4.787452808839202196e-05
4.845150665208810262e-05
4.902651490326842744e-05
4.960457026582669509e-05
5.018246086809179227e-05
5.077089633098316680e-05
5.135785884030944718e-05
5.196522003349933634e-05
5.257008972410712471e-05
5.319762132835360727e-05
5.382275496129487622e-05
5.444615819879810995e-05
5.508432546518566875e-05
5.572508234533909705e-05
5.637579993729339523e-05
5.703458208054329416e-05
5.768698909306181757e-05
5.835179125606409215e-05
