8.174524196654971023e-04
9.259767591310193429e-04
1.062347978597129056e-03
1.171029236169089140e-03
1.283380510094314208e-03
1.368773656899833569e-03
1.457493364120242881e-03
1.545757903382872448e-03
1.642476502794226962e-03
1.725622319434162938e-03
1.829338006297549085e-03
1.940114251477050283e-03
2.059786836270773198e-03
2.183771068122754115e-03
2.326311475734350962e-03
2.476980179573303863e-03
2.629066174798729959e-03
2.781176421048806718e-03
2.946996868690832713e-03
3.117655073555090830e-03
3.292446842265466661e-03
3.472259336978865494e-03
3.666758985799936470e-03
3.866264687477184454e-03
4.073633344556492827e-03
4.282504369140118991e-03
4.498934398083907424e-03
4.727305002899468214e-03
4.968789462176043462e-03
5.212426891237303614e-03
5.473254608043391992e-03
5.746373010341968533e-03
6.029558895194989283e-03
6.317499082824849267e-03
6.613512443324425123e-03
6.920621798252462459e-03
7.242154845114776550e-03
7.583131405808849097e-03
7.951124570661423016e-03
8.349852558919169249e-03
8.774051920521578826e-03
9.212935179544912145e-03
9.676857743074734203e-03
1.015864533572646486e-02
1.065463747585778179e-02
1.116769718545996756e-02
1.168783092223885274e-02
1.221955080594264859e-02
1.274270908386631283e-02
