4.801270136692273229e-04
5.517982595317551817e-04
6.536480388607423695e-04
7.278467114965698689e-04
8.070107044659512174e-04
8.707553733833287794e-04
9.224050096694024880e-04
9.760800384096333764e-04
1.028461070955798140e-03
1.069546793668678299e-03
1.116558596881135146e-03
1.161592359864733418e-03
1.203773329632961764e-03
1.250231630390381907e-03
1.304570774531290138e-03
1.352739093188797979e-03
1.404371899365638781e-03
1.465739964684613849e-03
1.527616582572311876e-03
1.589421427800209469e-03
1.657206690618351179e-03
1.727875680297777990e-03
1.801026119753357030e-03
1.874882436542776127e-03
1.955689012084778095e-03
2.038700013835925522e-03
2.122332306645252804e-03
2.210938073823956462e-03
2.301085767414169560e-03
2.395941880811212118e-03
2.487525384356732185e-03
2.579388551269726215e-03
2.675619019938697135e-03
2.772593945835794080e-03
2.873128097802099285e-03
2.973784484001379489e-03
3.078980712086983821e-03
3.185003343429211337e-03
3.294581210788978271e-03
3.408132688733686317e-03
3.523655606146478599e-03
3.642467542436930369e-03
3.764692811636384875e-03
3.886504932771654881e-03
4.010772123323013381e-03
4.135022938550834623e-03
4.259794143269525490e-03
4.387639011962158296e-03
4.519226810720756472e-03
