5.448802771033613894e-04
6.308870054214061685e-04
7.514364361673286745e-04
8.517542977527701705e-04
9.188175835712309933e-04
9.794301205500854229e-04
1.029064004144886798e-03
1.070898352531807814e-03
1.117005118302030189e-03
1.166494548638576318e-03
1.218047968563303876e-03
1.278999609821501520e-03
1.338131253072970999e-03
1.400933924835239246e-03
1.464918832857469355e-03
1.535377045490149287e-03
1.610440810063840534e-03
1.687267149397659932e-03
1.763120202582549876e-03
1.845368442706428382e-03
1.927422869872375769e-03
2.014807822615148711e-03
2.108945768376588575e-03
2.208436767292803332e-03
2.308804351985433226e-03
2.413364563259695270e-03
2.516959234398183625e-03
2.623732389156652363e-03
2.733096894340860880e-03
2.844131096554579179e-03
2.962464484928515034e-03
3.079791361716081692e-03
3.200025813556244512e-03
3.327322019831415335e-03
3.456422748050783002e-03
3.587749265757934208e-03
3.721700761114667480e-03
3.857955843423132702e-03
4.001200070095506552e-03
4.144059648818318800e-03
4.290913240088500662e-03
4.440070322309939976e-03
4.589908449102900016e-03
4.745156811921858245e-03
4.908720639596916326e-03
5.076896289730099300e-03
5.248366392457617588e-03
5.421073234004390728e-03
5.604032489357309993e-03
