2.582697147505028600e-05
3.813368598688359200e-05
5.218408097551005016e-05
6.566761334177920043e-05
7.807868541699386662e-05
9.094920532303326028e-05
1.039848169811518101e-04
1.167148716706356494e-04
1.299367361258172413e-04
1.432351348615815850e-04
1.560513834788539644e-04
1.686208624263067421e-04
1.810024331113646026e-04
1.931906503919042994e-04
2.054670288129173330e-04
2.172942138862642332e-04
2.293273803682186471e-04
2.415000224009392191e-04
2.537444566919307750e-04
2.655236533232495973e-04
2.770927731209576030e-04
2.886435912353329841e-04
3.001041150468590686e-04
3.109279246077019930e-04
3.217043048923181746e-04
3.322559681644772413e-04
3.424829111430274190e-04
3.524235089324358910e-04
3.619878786499135443e-04
3.713126532578744422e-04
3.805052048610157414e-04
3.898552753985665685e-04
3.987094320999251974e-04
4.071000040276346460e-04
4.151146087158225496e-04
4.229799333018703341e-04
4.302050823096926634e-04
4.372707812458381696e-04
4.442376126992908210e-04
4.506603662926273856e-04
4.569658431068930431e-04
4.629663728135550234e-04
4.686679566192162184e-04
4.739875323850019557e-04
4.790253689829102003e-04
4.840954246132049815e-04
4.887869370271314025e-04
4.934489663711029948e-04
4.978780821280645412e-04
5.020193789726379177e-04
5.060809239659340431e-04
5.099659060682770750e-04
5.136452065107554015e-04
5.173044699130367654e-04
5.207585462494961201e-04
5.241484782727712103e-04
5.273960566169435182e-04
5.304610274936182512e-04
5.334651646184712008e-04
5.364636664067749675e-04
5.393656422341259983e-04
5.423358101946656063e-04
5.451607759568001619e-04
5.479783382156366671e-04
5.506477222596896934e-04
5.532890341503277423e-04
5.558227419351591215e-04
5.584461069016435561e-04
5.611665752376231468e-04
5.636588492915331266e-04
5.662103444635950599e-04
5.687765402371074402e-04
5.713730965033370253e-04
5.740757674279912265e-04
5.767267490544209819e-04
5.793330113483848151e-04
5.819802030575822044e-04
5.846620526078491822e-04
5.873909064992295474e-04
5.901473419944707876e-04
5.930433452895688762e-04
5.958943649805005993e-04
5.988462831867118110e-04
6.017617784838078269e-04
6.047648230075862745e-04
6.077541691738913218e-04
6.107569326663655302e-04
6.137294965282353350e-04
6.169414776161795443e-04
6.201519248168345421e-04
6.234418417072278657e-04
6.267582014489155376e-04
6.301612538829921709e-04
6.336076506458581618e-04
6.370639973063327820e-04
6.405734812053027853e-04
6.441447943712996739e-04
6.477270839701264934e-04
6.513723163390700618e-04
6.551233529882940533e-04
