1.679324833641110024e-04
2.541241369735011669e-04
3.490104796921886612e-04
4.339288285979639882e-04
5.026602563958795051e-04
5.579369669277200539e-04
6.040090261507322653e-04
6.393586679547379886e-04
6.718412061224491401e-04
6.963453873484957415e-04
7.224387182203836086e-04
7.441906766409955550e-04
7.673627461438579109e-04
7.936448731594486408e-04
8.226301710464776302e-04
8.538950833068270629e-04
8.858371981233054094e-04
9.197027923827535935e-04
9.561712019983652092e-04
9.959276482344959960e-04
1.038829270082943217e-03
1.082434262722683192e-03
1.127374265664601426e-03
1.175759694781870670e-03
1.226453076337679629e-03
1.279542456972856523e-03
1.334222312198576378e-03
1.390075987636790441e-03
1.448196635140730926e-03
1.509109918114849135e-03
1.571241762720779461e-03
1.633723896502944483e-03
1.699557720739533354e-03
1.766553309174834305e-03
1.834737950459157689e-03
1.904713041056943371e-03
1.976392647338321828e-03
2.049902832168059869e-03
2.125724951008002659e-03
2.202436308374983859e-03
2.280308298552324777e-03
2.360452515770950117e-03
2.441931963725899480e-03
2.525246705751884972e-03
2.610046903862529508e-03
2.695958442241887677e-03
2.783255133368648694e-03
2.871620028714021253e-03
2.961525145772330846e-03
3.053516404558429334e-03
3.147658240148667672e-03
3.243364860144368374e-03
3.340194215010022262e-03
3.438700424928394384e-03
3.538554100152392634e-03
3.639656265835174848e-03
3.741910515839058302e-03
3.844119587311580453e-03
3.948241553239372620e-03
4.054999066719246550e-03
4.162940212648514639e-03
4.273723211898829318e-03
4.385618881732280920e-03
4.499205263036142391e-03
4.615473684659249579e-03
4.733671128935036318e-03
4.854860073267724258e-03
4.977912981146587722e-03
5.103101089657489410e-03
5.231792081327099435e-03
5.363434544038190623e-03
5.496821278110685348e-03
5.632525766335689556e-03
5.769765033715755498e-03
5.908286041353890371e-03
6.048112446584012411e-03
6.189801908013663374e-03
6.333402806781602591e-03
6.480037615334342631e-03
6.630330005689752740e-03
6.784552485767541760e-03
6.942473634016181790e-03
7.105416892983476909e-03
7.272929847200564936e-03
7.445055167496223390e-03
7.622623792730258419e-03
7.804262187085566835e-03
7.990860273974298780e-03
8.182270481695461464e-03
8.378652207419460402e-03
8.579501626662973043e-03
8.784299361707411172e-03
8.993226206873799339e-03
9.205904579458580941e-03
9.422410393874472087e-03
9.643530187200377579e-03
9.868414541206231572e-03
1.009712949651627410e-02
1.032857679887860987e-02
1.056261691553801556e-02
