1.114856531192122630e-03
1.297431977433234759e-03
1.489772457197992240e-03
1.674448870470759748e-03
1.841841630604524205e-03
2.016174100823080271e-03
2.209670144834103862e-03
2.391882251347136803e-03
2.577748377156570663e-03
2.777998870480201214e-03
2.993996609217730587e-03
3.215159225308035669e-03
3.457826924354598288e-03
3.733441299524790057e-03
4.025580534631984474e-03
4.321446444818422168e-03
4.627421838109545792e-03
4.949572084689677319e-03
5.302356608910928880e-03
5.695216070406049387e-03
6.115321870520790820e-03
6.552882140827984148e-03
6.999113382841551378e-03
7.489531662923746072e-03
8.035835419740809671e-03
8.621668126641210406e-03
9.271606142144136684e-03
9.973391653511326504e-03
1.072988092843550102e-02
1.152594083424351643e-02
1.233635009679652159e-02
1.315646137132663387e-02
1.392421935811255854e-02
1.455498511638548577e-02
1.520762222571145177e-02
1.597282213140210558e-02
1.686439085935028878e-02
1.789542274985080755e-02
1.906945862692021806e-02
2.038351259473402885e-02
2.186160987495669797e-02
2.350417935316315154e-02
2.531818471326004183e-02
2.733174396493541145e-02
2.956065873278205386e-02
3.200899307520989334e-02
3.472489606979844989e-02
3.772380002801985210e-02
4.101374537497193967e-02
