1.230357381579574576e-05
1.807924296319509937e-05
2.402661599490194764e-05
2.935297819808495816e-05
3.477248632019169615e-05
4.062631841552458584e-05
4.666698327355078694e-05
5.248663296801537540e-05
5.863175471879675076e-05
6.453304497922357952e-05
7.067536541344553841e-05
7.666023449260200005e-05
8.261888751653048344e-05
8.869789207507530304e-05
9.490114122949808552e-05
1.009712884197576876e-04
1.071567257213244269e-04
1.132904023413907620e-04
1.195495420898767206e-04
1.256399576224918099e-04
1.317260888584776020e-04
1.377852055054643130e-04
1.438158256043934626e-04
1.498076234560075614e-04
1.558628185024885982e-04
1.619846115532817560e-04
1.679613159143212870e-04
1.739728011573747559e-04
1.798146667665982430e-04
1.856737709755495113e-04
1.915180446098383436e-04
1.973813499948885123e-04
2.032455994585595429e-04
2.089466234654178576e-04
2.146289428089589882e-04
2.202135558181407809e-04
2.258883587657176714e-04
2.313690091296006265e-04
2.368915201980656459e-04
2.422333231502289436e-04
2.475282052898533191e-04
2.528255460235709004e-04
2.580928491323772811e-04
2.631402496213699387e-04
2.681966118739508172e-04
2.732016865181470066e-04
2.781771090384201148e-04
2.830542751011513088e-04
2.877614180324115684e-04
2.924627493241367085e-04
2.970674743011526950e-04
3.014993253913560525e-04
3.059442272975183689e-04
3.102518104071557651e-04
3.144323137903823643e-04
3.185901599470608559e-04
3.226632528340962671e-04
3.265960033146201322e-04
3.304812953230012789e-04
3.342765030038877239e-04
3.379535479977114395e-04
3.415590054961965567e-04
3.451488735202206033e-04
3.486495307176877079e-04
3.520439729920648653e-04
3.553719496323660661e-04
3.586493505946687491e-04
3.618717919219527563e-04
3.649835430344185779e-04
3.680562692299795251e-04
3.710095010311189353e-04
3.739012830790752599e-04
3.767414407004186934e-04
3.795491801649456464e-04
3.822666341060802818e-04
3.848930009225934659e-04
3.875285651522286656e-04
3.900583044800664157e-04
3.925678205195609572e-04
3.950312431184370638e-04
3.974800977528851822e-04
3.997572694138467968e-04
4.020774533474962952e-04
4.043855389347397159e-04
4.066427589114152380e-04
4.088665460169137286e-04
4.110826741796646828e-04
4.132489555713287277e-04
4.153963066410573321e-04
4.174875453613503405e-04
4.195720547106075184e-04
4.216093806835311203e-04
4.235234744507247783e-04
4.254750827835648624e-04
4.273990416707330723e-04
4.293000016820916129e-04
4.311647915774823210e-04
4.329881596377748235e-04
4.347894342359163631e-04
4.365701250424133296e-04
