3.249799757200533848e-05
4.911251683167437465e-05
6.938433996123332997e-05
8.842650248011191846e-05
1.067417918257352021e-04
1.238897162916535331e-04
1.415397390762734224e-04
1.592443878142145073e-04
1.753695963442574303e-04
1.922248510680772400e-04
2.084536325333088979e-04
2.243304596901686499e-04
2.406764891672275822e-04
2.565358255129537401e-04
2.724043259952801032e-04
2.878908774151013052e-04
3.029888806386706220e-04
3.175889248367041225e-04
3.322611656379514705e-04
3.460913509472984882e-04
3.593803423829597301e-04
3.719373088028783149e-04
3.842686151434237217e-04
3.958845159565071666e-04
4.072210682853316362e-04
4.178302514653884454e-04
4.278648182611956936e-04
4.377196722448470703e-04
4.470036164788553394e-04
4.558171751452762830e-04
4.642512416517459201e-04
4.718722133290466727e-04
4.790902602488406482e-04
4.860335643637852241e-04
4.926625639556157614e-04
4.988805499365135850e-04
5.047172602860960748e-04
5.103339371075397545e-04
5.157265523745990657e-04
5.209316717755500944e-04
5.260465585344530201e-04
5.307874467777822089e-04
5.353693703640322521e-04
5.399097150922139423e-04
5.441727682167150611e-04
5.484094385363816066e-04
5.524093871694198046e-04
5.563995390195595201e-04
5.602419365992397388e-04
5.640613542418515969e-04
5.678093511149624739e-04
5.716156306850499018e-04
5.751629583374038386e-04
5.786305102696919596e-04
5.821384876100219692e-04
5.856642216636780357e-04
5.893559828885693193e-04
5.931069952671922654e-04
5.968679912096901217e-04
6.007184317753402848e-04
6.045718839463458437e-04
6.084329254577745469e-04
6.124191470934091820e-04
6.162768219212178466e-04
6.201505771187240971e-04
6.241371126381171268e-04
6.282016297106079832e-04
6.322718491055501992e-04
6.364456095501725124e-04
6.406098668566734570e-04
6.449081049212976964e-04
6.493261653433060870e-04
6.539306643199713697e-04
6.585275325279350573e-04
6.630587992186281338e-04
6.678343420449578578e-04
6.727397915255901861e-04
6.777453993829405613e-04
6.827514942070979842e-04
6.878447753087679880e-04
6.931180017530181410e-04
6.984920024316158826e-04
7.039472586704558377e-04
7.094706318330188700e-04
7.152143778549910434e-04
7.210165761974587743e-04
7.269177296489053074e-04
7.328822009509405877e-04
7.389411919766741528e-04
7.451022523078801914e-04
7.513932953379835007e-04
7.577991742404490815e-04
7.642813417891649056e-04
7.708790104843283881e-04
7.775308616440810812e-04
7.843139096576180270e-04
7.912029498307382230e-04
7.981384898687302097e-04
8.052447617257665457e-04
8.124106833306294490e-04
