2.596028076967472659e-04
2.933756077674659819e-04
3.503272401173225590e-04
4.117095184029834209e-04
4.619082038698831840e-04
5.136564591575061003e-04
5.515947578175276747e-04
5.901357641840040405e-04
6.185848335935515384e-04
6.478820815698797721e-04
6.796181382002095201e-04
6.992075071355891404e-04
7.184489290892814243e-04
7.377376750132942033e-04
7.546583864412785645e-04
7.687560335307050104e-04
7.878296403520935976e-04
8.033061330151121046e-04
8.190870887440575938e-04
8.349498135399482761e-04
8.492029121543140683e-04
8.648472950574224733e-04
8.800020102284355659e-04
8.979937736763220430e-04
9.146390586073021396e-04
9.337495672687145263e-04
9.527107355282722449e-04
9.739193548661440221e-04
9.956705733094265570e-04
1.017422361744278443e-03
1.040726435664074108e-03
1.064254165273633909e-03
1.089846654213215719e-03
1.117222112249233092e-03
1.145304190971255720e-03
1.173012684968727107e-03
1.201729922040657055e-03
1.232484362640415146e-03
1.264361204667572691e-03
1.296908153928569805e-03
1.329161682458457295e-03
1.362278376912451306e-03
1.395150325409135784e-03
1.429558997925356760e-03
1.465113545459225623e-03
1.501508765917238192e-03
1.538197867602933335e-03
1.574761361031016540e-03
1.610661455941774563e-03
