7.253987724874186564e-06
1.120590484926203626e-05
1.464193009590218660e-05
1.797331709950755635e-05
1.981039085725642341e-05
2.152854291354034850e-05
2.308160596284425514e-05
2.441893545406323288e-05
2.569635471366061422e-05
2.700437911014363899e-05
2.854456686001388108e-05
3.025298239685195840e-05
3.206752227302550314e-05
3.379588398400013276e-05
3.555908402528618929e-05
3.733232402039077388e-05
3.908800394723298488e-05
4.096067977552576676e-05
4.289903768289170260e-05
4.496607693987634109e-05
4.703408536312930928e-05
4.914509968697666851e-05
5.129634309316817245e-05
5.344719591063169627e-05
5.560278909983132237e-05
5.780367383729037735e-05
5.997626273078506112e-05
6.225567988861470620e-05
6.450950633764683420e-05
6.678008455101399796e-05
6.906702957286020063e-05
7.133970386114967855e-05
7.364859003799868156e-05
7.595045543280665059e-05
7.820819767601639165e-05
8.047389393076379016e-05
8.280085368730104626e-05
8.510324368396620927e-05
8.734137952147598936e-05
8.955477132825925596e-05
9.180395385126003673e-05
9.405100689414511053e-05
9.630923012346862303e-05
9.860075246428902287e-05
1.008680539357530100e-04
1.031146842820011139e-04
1.053482452726477679e-04
1.075596126975164249e-04
1.097937453628644036e-04
1.119885631712448399e-04
1.141674570232041456e-04
1.163651298491011181e-04
1.185365429538396217e-04
1.207114129886355215e-04
1.228602809563259933e-04
1.250136267652535117e-04
1.271351573646443002e-04
1.292370197488751794e-04
1.313215928315174090e-04
1.333759330829404244e-04
1.354445687612997214e-04
1.374959499628426664e-04
1.395273977981152430e-04
1.415407494799192378e-04
1.435512833271652587e-04
1.455399581010724953e-04
1.475235481109189468e-04
1.494636590657086534e-04
1.513946949646253516e-04
1.533160721960225644e-04
1.552306476286239765e-04
1.571237311005549398e-04
1.589981624095604211e-04
1.608550366465218129e-04
1.626904607392743178e-04
1.645041594775129240e-04
1.663324049539657249e-04
1.681405893426988823e-04
1.699547748209558962e-04
1.717628689118907352e-04
1.735440834145530738e-04
1.753499398341865133e-04
1.771223963602143057e-04
1.789051434878958363e-04
1.806635377542364462e-04
1.824014922732097486e-04
1.841094347100279930e-04
1.858174700567013398e-04
1.875182765620339240e-04
1.892238947741965499e-04
1.908841336600330171e-04
1.925455678599658849e-04
1.941833138778859295e-04
1.958002849092545434e-04
1.974142682791852211e-04
1.990099617163443291e-04
2.005946333322118809e-04
2.021751981902673335e-04
2.037179580920507247e-04
2.052541164561740060e-04
