3.749334562556379491e-05
5.354772531150527444e-05
7.547272084809447060e-05
9.822034245208976166e-05
1.185278936399764834e-04
1.388089156515630112e-04
1.589376428981233006e-04
1.792463313607283099e-04
1.982429728339880123e-04
2.170246040461541747e-04
2.347737042145815560e-04
2.522655651816293598e-04
2.694022850457418591e-04
2.861736667837400105e-04
3.030172478289900120e-04
3.195572538938443066e-04
3.349593824499146359e-04
3.514192888997448431e-04
3.665453102417974432e-04
3.811542509529888345e-04
3.951070265648217502e-04
4.080991849323622675e-04
4.203512614067442471e-04
4.319275871604984175e-04
4.430211734698887753e-04
4.533255873828254579e-04
4.628920707075178157e-04
4.717055045173022278e-04
4.798673436431632197e-04
4.875723389259387195e-04
4.948748667836660748e-04
5.018114651327234719e-04
5.083834667425007154e-04
5.143526873569279241e-04
5.201735814937445083e-04
5.257459822956872704e-04
5.312500949964980108e-04
5.364311046123040362e-04
5.413807816763316783e-04
5.457862819086375288e-04
5.503857582906155439e-04
5.547645772321925083e-04
5.589795202939045610e-04
5.631741158342609644e-04
5.671655919029772695e-04
5.714202358138567237e-04
5.755885721704470138e-04
5.798735886695584752e-04
5.842173988757853138e-04
5.884946106817957748e-04
5.928358110959035471e-04
5.971709244676109193e-04
6.016987049664390772e-04
6.063333991887167197e-04
6.109335977203296389e-04
6.155702198714606277e-04
6.204139994226111820e-04
6.251681218086074191e-04
6.298725110888552274e-04
6.349698718531341605e-04
6.401458140194486940e-04
6.454737942021705321e-04
6.509386133890659879e-04
6.564668586960599765e-04
6.619743547089537933e-04
6.676323648334413783e-04
6.735260201238355698e-04
6.794310619802418827e-04
6.853580085226597439e-04
6.913718581754074504e-04
6.975425978751796999e-04
7.038359305189400986e-04
7.101506189867856514e-04
7.167051378188753338e-04
7.233405619482086114e-04
7.301838518762377621e-04
7.371515513201299741e-04
7.442134121360560479e-04
7.513407342371583499e-04
7.586491665291034614e-04
7.660826045492188062e-04
7.736723692571141316e-04
7.813332840552345698e-04
7.891401574864484935e-04
7.970061193779250314e-04
8.050654096240139525e-04
8.132552221145312272e-04
8.215934287423677998e-04
8.300775940617096836e-04
8.387183315997496277e-04
8.475113174791215620e-04
8.563584504188877233e-04
8.653967331033937931e-04
8.746295454990017952e-04
8.838667955621940008e-04
8.932169802107313298e-04
9.026671612502925332e-04
9.122515681904146308e-04
9.218970722460669573e-04
9.317630084105804492e-04
