1.939197701614129405e-05
2.771623189919020258e-05
3.822040046381256601e-05
4.894001192405608491e-05
5.995335265757862920e-05
7.009551684261089021e-05
7.952561634649846483e-05
8.904415597003796114e-05
9.859271769149620585e-05
1.077659426163708045e-04
1.172079189833753234e-04
1.268169071657032068e-04
1.362741054073033861e-04
1.461700112523648082e-04
1.557201834455738693e-04
1.653391587292271604e-04
1.744910912699760945e-04
1.835962913139860720e-04
1.927303110443221411e-04
2.018536987030122973e-04
2.110520913315824451e-04
2.203179988663149492e-04
2.294076004373834013e-04
2.383851882423725652e-04
2.472657603440385835e-04
2.561151056762685815e-04
2.648151404762805693e-04
2.735037294995732978e-04
2.819919599815581043e-04
2.903440852691337106e-04
2.982988219451927444e-04
3.063726347394493286e-04
3.142578698507266823e-04
3.219519315128335107e-04
3.295825090977963934e-04
3.369878704439391130e-04
3.442862846195268028e-04
3.513044505009884928e-04
3.581458775117087848e-04
3.650309297102772091e-04
3.716062300400128286e-04
3.781152442238888277e-04
3.840951506156540509e-04
3.900014634538164567e-04
3.957318328609833280e-04
4.012024351231243519e-04
4.065537837946151304e-04
4.116717934974433260e-04
4.166082029297629523e-04
4.213668133110546297e-04
4.259400343569452719e-04
4.305465214956883421e-04
4.348858651299993038e-04
4.390597833461532960e-04
4.432189554092449339e-04
4.472035069608102124e-04
4.510249471347575691e-04
4.546129784960568757e-04
4.581489044594832930e-04
4.614789960911856921e-04
4.647016443795461767e-04
4.679547748158112549e-04
4.710225408673915956e-04
4.740954907046138851e-04
4.770379421018221527e-04
4.799111675587432136e-04
4.827952536336735270e-04
4.855796936740288425e-04
4.882794959335861273e-04
4.909351030805607580e-04
4.935928944850723286e-04
4.961368437078463121e-04
4.986759736924946526e-04
5.011451903046699585e-04
5.036067584495605102e-04
5.060330641460704252e-04
5.083563119214040259e-04
5.106597691807109908e-04
5.128798514447501476e-04
5.150394589159315280e-04
5.172323577859243250e-04
5.194024705814164703e-04
5.215945322763018178e-04
5.236829607334344628e-04
5.257916269685245772e-04
5.279913031577816544e-04
5.301961886421944527e-04
5.323485708928242044e-04
5.345150593899042910e-04
5.366629170468851856e-04
5.387809928535206320e-04
5.409661327350624542e-04
5.431252838268056876e-04
5.452900688555465140e-04
5.474379616120117085e-04
5.495928263003182134e-04
5.517451073295581883e-04
5.539158632135574760e-04
5.561085255456643152e-04
5.582635144628809651e-04
