4.089635370173806044e-06
6.084797714210327311e-06
8.457738718918264591e-06
1.002143847460534978e-05
1.157344465683217367e-05
1.326231311340420379e-05
1.461417810828323975e-05
1.564796231320299814e-05
1.672170504886399565e-05
1.744251068743821989e-05
1.814135312905222909e-05
1.891133507078737562e-05
1.966525650035555453e-05
2.038201207770923713e-05
2.110006660319840125e-05
2.173595808396702153e-05
2.232570540382386128e-05
2.288169274353590532e-05
2.348172114555774318e-05
2.405573620444446907e-05
2.459874902300633593e-05
2.512252961335113092e-05
2.561857851498425018e-05
2.613363140339039628e-05
2.664046129542893413e-05
2.706183065914784385e-05
2.746765220483477583e-05
2.787206589863385687e-05
2.822401406148662082e-05
2.858296122749584190e-05
2.892905643871752360e-05
2.925725540444711124e-05
2.956112342410812294e-05
2.986053819083126507e-05
3.015372739761937250e-05
3.045225500485497605e-05
3.069466902878208934e-05
3.093977747513119390e-05
3.117237686224908871e-05
3.136041730346548974e-05
3.155377828789452088e-05
3.173317888089528094e-05
3.189949652828958130e-05
3.207445888379188448e-05
3.223266275028345822e-05
3.238802913287485287e-05
3.257775911472267046e-05
3.275673800100316644e-05
3.294801152509658853e-05
3.313804634839102701e-05
3.333309545531038459e-05
3.350246902651063543e-05
3.368480802950058037e-05
3.385981489544565297e-05
3.404645138006919864e-05
3.424186168855151909e-05
3.443065419741045044e-05
3.461789803409498760e-05
3.480715964959766039e-05
3.499796876324801764e-05
3.519333884247284502e-05
3.539951230024930529e-05
3.560859608435238484e-05
3.581349602254229887e-05
3.603453220041922649e-05
3.626097968395777983e-05
3.650643775965716994e-05
3.673076246646229780e-05
3.696573426535120112e-05
3.721383489985861004e-05
3.747211584629378322e-05
3.774303885289847246e-05
3.803304094302632652e-05
3.831755288421054051e-05
3.861158206581859236e-05
3.892121679974547602e-05
3.923140492356237685e-05
3.955222329088638791e-05
3.987174164823104017e-05
4.020055771824977844e-05
4.053963159205081437e-05
4.088053561076270020e-05
4.123072447124702123e-05
4.158935149071246257e-05
4.195429363409333663e-05
4.233461619266830627e-05
4.272215487162628783e-05
4.312162029343709401e-05
4.352701837067668921e-05
4.393246460990789796e-05
4.434754265757683391e-05
4.476177957368804072e-05
4.519140724415594753e-05
4.563621788669053016e-05
4.608116729291746261e-05
4.652886794928881521e-05
4.698417026449184619e-05
4.743624565458798460e-05
4.788935965749271375e-05
4.836243656591517509e-05
