1.315920338061171496e-04
1.961344641043790760e-04
2.639991289222311851e-04
3.345600138168055237e-04
3.944900559213882331e-04
4.473551368493565287e-04
4.947127422039461053e-04
5.348327892816127829e-04
5.703632534553848814e-04
6.014887173085228670e-04
6.251477251366402378e-04
6.461703251301636249e-04
6.629832762717004137e-04
6.798535478529255799e-04
6.966129369897517288e-04
7.146537392797584938e-04
7.324872063025595443e-04
7.514228798195576658e-04
7.710080002296103860e-04
7.916754343447518277e-04
8.130574195310771466e-04
8.359972355097402890e-04
8.599315068751904514e-04
8.852620903656056731e-04
9.125135559937699002e-04
9.420333777268567353e-04
9.733920040209726897e-04
1.006311662001163057e-03
1.039813547258848590e-03
1.074325514940146836e-03
1.110778511712778903e-03
1.148080026419802217e-03
1.187062358241961499e-03
1.226820049742773913e-03
1.268131988993688192e-03
1.310014090124906857e-03
1.353513625816563050e-03
1.397282849703143691e-03
1.442323776383127622e-03
1.488095050708867053e-03
1.535417478514640964e-03
1.584027396831702919e-03
1.633589859139509062e-03
1.683630528856391168e-03
1.734402897881813076e-03
1.786695573249422577e-03
1.840244944211500214e-03
1.894298962738722499e-03
1.949389025338166617e-03
2.005922755328761603e-03
2.062667824495913182e-03
2.120732192205952282e-03
2.179040556403881012e-03
2.238034932092847207e-03
2.298417093172131984e-03
2.359331538421933442e-03
2.420936474082422026e-03
2.483766741093421104e-03
2.547891112550496745e-03
2.612289957422143146e-03
2.677652973865573671e-03
2.743873781471584897e-03
2.811357815680326673e-03
2.879250962136296714e-03
2.948533360996473743e-03
3.018659595761189439e-03
3.089700662133752686e-03
3.161444383655352512e-03
3.234861913913170302e-03
3.308483460158734117e-03
3.382875391292851017e-03
3.457903082165163147e-03
3.533318881843518482e-03
3.609526836375051735e-03
3.686783232994599643e-03
3.764106217574496750e-03
3.842298498536567131e-03
3.921401786839854263e-03
4.000977814151575329e-03
4.082377890228710941e-03
4.164428744120992655e-03
4.248015736712719426e-03
4.332486934335205535e-03
4.417980619288303969e-03
4.504837129952431012e-03
4.593402450309740787e-03
4.682993212796780942e-03
4.773900466539945757e-03
4.866101267647687280e-03
4.959716101921137626e-03
5.055335648392865651e-03
5.152378770900468453e-03
5.250657061193497038e-03
5.350744359338853971e-03
5.451671359533773360e-03
5.553847753046469576e-03
5.657322973325377979e-03
5.761268993825041304e-03
5.866251462432458923e-03
5.972112133240262480e-03
