7.378189901955051287e-05
1.124421845442687335e-04
1.612988776445730234e-04
2.011212172456688430e-04
2.427187808151479739e-04
2.817641811959392694e-04
3.169359556303772535e-04
3.512489742920744495e-04
3.809495261473717660e-04
4.092045812265102068e-04
4.372422351037913196e-04
4.624684525230736507e-04
4.858703902796553901e-04
5.057137028406415635e-04
5.236743293081194163e-04
5.399354198362067746e-04
5.553511878616572634e-04
5.693856467517321909e-04
5.816465848348390932e-04
5.921079556152208804e-04
6.021507180913000454e-04
6.115988065627458265e-04
6.206607786696683327e-04
6.294852445073412890e-04
6.379949988865439179e-04
6.468736307876914605e-04
6.555525144533338837e-04
6.649823800975642601e-04
6.749537805165942280e-04
6.852007812939880146e-04
6.958333283974397522e-04
7.067111586113663949e-04
7.177515856111105815e-04
7.295141017729324297e-04
7.413730062479610564e-04
7.531317196514533208e-04
7.659562579088757166e-04
7.789339024865281000e-04
7.924319602470046488e-04
8.065025463093720461e-04
8.209342176929088899e-04
8.361105896589653618e-04
8.515918748475575280e-04
8.675563965869490576e-04
8.841874015442953557e-04
9.011662004523497173e-04
9.186155546899125047e-04
9.363439357614414954e-04
9.543365467081732717e-04
9.730828788560780870e-04
9.921140691767653310e-04
1.011660490178971578e-03
1.031469832458224234e-03
1.051801644830597767e-03
1.072603458712131745e-03
1.093787420725737163e-03
1.115567500078963516e-03
1.137795945087485524e-03
1.160637136092556882e-03
1.183496557993775561e-03
1.207051385950247240e-03
1.230931001974872518e-03
1.255144041989343130e-03
1.279528166065661485e-03
1.304227036767240978e-03
1.329490070468854939e-03
1.355456392357034558e-03
1.381527348146788540e-03
1.407832045844866885e-03
1.434380459017699791e-03
1.461254448078178015e-03
1.488382602957953431e-03
1.515818083871867073e-03
1.543733686149855507e-03
1.572063071902637119e-03
1.600683844395286212e-03
1.629630270468557024e-03
1.658975435578578230e-03
1.688399846988834687e-03
1.718049318730112103e-03
1.748287436435507587e-03
1.778684402698558304e-03
1.809475712043254929e-03
1.840394152504480152e-03
1.871946256740407780e-03
1.903792371636820998e-03
1.935845819411300371e-03
1.968210692684740481e-03
2.000871449023265605e-03
2.033812081943184736e-03
2.066896571960227368e-03
2.100282907258282580e-03
2.134131203873583862e-03
2.168209700047952701e-03
2.202302011816796839e-03
2.236730651849038430e-03
2.271472166980719690e-03
2.306467439965810291e-03
2.341383717916579749e-03
2.376753445498155405e-03
