1.913633835976033656e-04
2.173316048938772800e-04
2.705651509841604046e-04
3.123404853069032604e-04
3.605479087503233801e-04
4.004153123372282321e-04
4.358013704280649958e-04
4.693135561341162001e-04
5.012947792659218664e-04
5.317063325016827165e-04
5.596624527679049240e-04
5.859419015095827842e-04
6.095092500918366119e-04
6.298783703455609157e-04
6.520036159006871793e-04
6.683991906317434317e-04
6.832721760805017010e-04
6.946599440408785962e-04
7.075231872029038357e-04
7.202607352902094893e-04
7.312824754421521018e-04
7.407352655996512830e-04
7.510100516744795630e-04
7.603453725548574597e-04
7.709999572826216297e-04
7.825443732774282077e-04
7.936201674490708661e-04
8.065540108564112727e-04
8.177284522395144879e-04
8.285583963851123057e-04
8.411540113494943597e-04
8.539303963428710982e-04
8.666828624489577573e-04
8.807430800375220950e-04
8.954020165935810049e-04
9.104558781189588503e-04
9.269259121532146071e-04
9.438048329129046813e-04
9.614014616981832314e-04
9.795217580026926388e-04
9.982208116020626493e-04
1.017614771790433014e-03
1.037582853537629031e-03
1.057199233734448882e-03
1.077095972128554874e-03
1.097990332806274370e-03
1.119049313098395733e-03
1.139942981358470307e-03
1.161165797349344346e-03
