5.873467471475131126e-05
8.400114746392317719e-05
1.187867055962564013e-04
1.519544376714442415e-04
1.825102092199700290e-04
2.114089387751022574e-04
2.407639249526440301e-04
2.690414101229233893e-04
2.965273232174943157e-04
3.220384252779294855e-04
3.466802383150872089e-04
3.708712082349384549e-04
3.935409238127395254e-04
4.136683433499044001e-04
4.324152868528889485e-04
4.494599978081878890e-04
4.659690238734888489e-04
4.810118859623837445e-04
4.954457814971446232e-04
5.077948109128020736e-04
5.195802183814910141e-04
5.304695285568057379e-04
5.402182393479896400e-04
5.490972576888654899e-04
5.576164008865753825e-04
5.653656923604121311e-04
5.733186364418718216e-04
5.806389470143633784e-04
5.878258541443108802e-04
5.945941051297485951e-04
6.011629466939960110e-04
6.076460428435728625e-04
6.143282493668604169e-04
6.209847848208005679e-04
6.280259859145346287e-04
6.352361957365442293e-04
6.421413462828959567e-04
6.492711304884271227e-04
6.566273456130354916e-04
6.641559598244465255e-04
6.718575594406079763e-04
6.797861662562077346e-04
6.881766521819372316e-04
6.966844472343376032e-04
7.054372707618179706e-04
7.144755563507524743e-04
7.238861785758403953e-04
7.333878930193968781e-04
7.430442461340856569e-04
7.531629753932754089e-04
7.634346006826633413e-04
7.739200416680563650e-04
7.847618847606726341e-04
7.959510220133308653e-04
8.073213676953465597e-04
8.190266363004413070e-04
8.309985731619612534e-04
8.432990685584372927e-04
8.558746845668818715e-04
8.687766583831485956e-04
8.822575092098986459e-04
8.959072978544705117e-04
9.099394669664253969e-04
9.241971910842297936e-04
9.386612726445957332e-04
9.533863815858217199e-04
9.683404114499360137e-04
9.835469443813845813e-04
9.991004758186595915e-04
1.014883348170149456e-03
1.030871176727790866e-03
1.046981605064807933e-03
1.063395165714316800e-03
1.079854565205987582e-03
1.096552088692633736e-03
1.113452807088159127e-03
1.130616463209443761e-03
1.148018301845380286e-03
1.165593696232298951e-03
1.183344208910492874e-03
1.201295099620564195e-03
1.219522123681375698e-03
1.237855316062669037e-03
1.256449739536658885e-03
1.275331011082008132e-03
1.294463455799775998e-03
1.313810294525494596e-03
1.333268845705626706e-03
1.353066825820031273e-03
1.372978188343598705e-03
1.392980150442145329e-03
1.413225381076992386e-03
1.433769145817430498e-03
1.454451907738619999e-03
1.475591560978245249e-03
1.496680424578177102e-03
1.517848373642206395e-03
1.539316217652446622e-03
1.561032944568534024e-03
1.582884977974618936e-03
