2.412495568358152000e-06
3.063503135747708613e-06
5.056099791588878852e-06
5.784590293557459384e-06
6.904250350023713329e-06
7.232330357000528643e-06
7.915296298060624016e-06
8.425224029875010503e-06
9.043332766444165386e-06
9.636513972124660643e-06
1.016722938251275298e-05
1.065804204779010896e-05
1.112272370629389550e-05
1.152264888720251245e-05
1.189857575073827583e-05
1.232954840161572264e-05
1.268556137628542449e-05
1.307113152777386519e-05
1.344116636885362723e-05
1.381691997768507406e-05
1.422406136396484298e-05
1.459976413494013297e-05
1.494483883955656884e-05
1.529565213518496960e-05
1.566956435754759077e-05
1.601643993648467617e-05
1.633521282471293645e-05
1.669681116020226109e-05
1.706779913470328036e-05
1.740032076300482397e-05
1.774840706425231796e-05
1.809371504491176407e-05
1.843138563658846537e-05
1.874998749714768518e-05
1.908258676510549224e-05
1.939355093842850362e-05
1.972063672723186050e-05
2.002431281975943183e-05
2.031656768192453941e-05
2.062807892097744605e-05
2.091241791391420092e-05
2.120223025865935619e-05
2.148391719453859834e-05
2.175653467978189113e-05
2.201561898765588908e-05
2.227731292472374816e-05
2.252525315022845646e-05
2.275281920472408767e-05
2.298796523698944593e-05
2.321098576669311650e-05
2.342114393309944602e-05
2.361785659853467934e-05
2.381829028823150322e-05
2.399825477237143930e-05
2.417386372737017472e-05
2.434779593110889605e-05
2.452267443366280050e-05
2.467980241669204359e-05
2.484136040533709637e-05
2.499950004302432715e-05
2.516062234012396355e-05
2.530020633461534988e-05
2.544293954590012724e-05
2.558384631908691971e-05
2.572294517905961112e-05
2.585319520710217944e-05
2.598920931754193501e-05
2.612275884999434226e-05
2.625612091403527163e-05
2.639686573918070174e-05
2.652814417989990604e-05
2.665933931440735843e-05
2.678596177133843814e-05
2.690836920485720861e-05
2.703506393154673379e-05
2.716016644452773059e-05
2.726647495122869555e-05
2.738750224210422595e-05
2.750343987312885835e-05
2.762643080293082062e-05
2.774984932582708356e-05
2.786878051454336924e-05
2.798626347120100873e-05
2.810596770718045337e-05
2.822958018480541145e-05
2.835225323969801264e-05
2.848166924441360726e-05
2.860840808548788163e-05
2.873561444833152160e-05
2.886365460837576327e-05
2.899969399658442411e-05
2.912893307904810484e-05
2.925338591653010232e-05
2.938150112642701206e-05
2.951369720973497001e-05
2.964677441668022421e-05
2.978387750614551509e-05
2.991818333918829027e-05
3.005833768238278092e-05
3.020259547155150620e-05
