6.976770233754960223e-06
1.012642837740180285e-05
1.314208101878619850e-05
1.618942656199422658e-05
1.881865060298187052e-05
2.026207674398559352e-05
2.140032678863859771e-05
2.234957714632398689e-05
2.314408831789177483e-05
2.392004605288027759e-05
2.490774181132663341e-05
2.589040895029420924e-05
2.691453818599613817e-05
2.790219628580036253e-05
2.878721366642676959e-05
2.966383650905783694e-05
3.077419123900382704e-05
3.184661591550842769e-05
3.295702529473371116e-05
3.400698413960403783e-05
3.512117793665700419e-05
3.628437801650748721e-05
3.742941634708908541e-05
3.856560991968486065e-05
3.973551949937566486e-05
4.090084412993811366e-05
4.214999842325131419e-05
4.341773396536040031e-05
4.465013392256751511e-05
4.590931218968667633e-05
4.724270858339226468e-05
4.853997723667191849e-05
4.984997601808245914e-05
5.123605069477202463e-05
5.263213010430859313e-05
5.403514486344060641e-05
5.544061704863045755e-05
5.685672549694409524e-05
5.826428734891504453e-05
5.964096577674396927e-05
6.103485773561139046e-05
6.240844608771294120e-05
6.382262828098152099e-05
6.524026727777779654e-05
6.664838565106340055e-05
6.805602546697190182e-05
6.947810494450186100e-05
7.093767957006909708e-05
7.237294771063685955e-05
7.378968581865025039e-05
7.523155533668909477e-05
7.671305445551332273e-05
7.817102134793147328e-05
7.962838813551526842e-05
8.109081001175691243e-05
8.254302626412885087e-05
8.399734673782047851e-05
8.543323317138987725e-05
8.688345123370396785e-05
8.831717711858163016e-05
8.977091491723484444e-05
9.123703979505462893e-05
9.269234722721205692e-05
9.415891099729051857e-05
9.561412787597816753e-05
9.707303396927880292e-05
9.855107459859821224e-05
9.998595821541462017e-05
1.014168624522885742e-04
1.028359488740653808e-04
1.042773466406724019e-04
1.057193215341529493e-04
1.071458292425507298e-04
1.085768375451647992e-04
1.099966191955406342e-04
1.114140543640103646e-04
1.128125877215878988e-04
1.142205812855571784e-04
1.156071201405982411e-04
1.170208984937813032e-04
1.184165277244739417e-04
1.198353247870733145e-04
1.212180693005783549e-04
1.226171435937652371e-04
1.240136535440098373e-04
1.254061803297920586e-04
1.267763592178736479e-04
1.281620825116420743e-04
1.295275800155230460e-04
1.308962555504018864e-04
1.322529597010914306e-04
1.336013189160611318e-04
1.349550440128197810e-04
1.362938140499395220e-04
1.376348592074497126e-04
1.389545447493833227e-04
1.402670086353766110e-04
1.415662620978830897e-04
1.428842252164232792e-04
1.441767911070179851e-04
